-0.418700 0.832600 -0.147000 -1.329000 0.006760 2.194000 0.293000 
-0.418697 0.832597 -0.147001 -1.329001 0.006759 2.193999 0.293002 
-0.418680 0.832576 -0.147006 -1.329007 0.006756 2.193989 0.293017 
-0.418633 0.832521 -0.147021 -1.329022 0.006746 2.193963 0.293057 
-0.418543 0.832415 -0.147049 -1.329052 0.006728 2.193912 0.293133 
-0.418396 0.832242 -0.147094 -1.329101 0.006698 2.193830 0.293257 
-0.418180 0.831987 -0.147161 -1.329173 0.006654 2.193709 0.293439 
-0.417882 0.831637 -0.147253 -1.329272 0.006594 2.193543 0.293690 
-0.417492 0.831177 -0.147373 -1.329401 0.006514 2.193325 0.294020 
-0.416997 0.830595 -0.147526 -1.329565 0.006414 2.193048 0.294437 
-0.416389 0.829879 -0.147714 -1.329768 0.006290 2.192708 0.294950 
-0.415656 0.829016 -0.147941 -1.330011 0.006141 2.192299 0.295569 
-0.414789 0.827996 -0.148208 -1.330299 0.005965 2.191814 0.296300 
-0.413780 0.826808 -0.148520 -1.330634 0.005759 2.191250 0.297151 
-0.412621 0.825442 -0.148878 -1.331019 0.005524 2.190602 0.298130 
-0.411302 0.823890 -0.149286 -1.331457 0.005255 2.189866 0.299242 
-0.409818 0.822143 -0.149744 -1.331950 0.004954 2.189036 0.300494 
-0.408161 0.820192 -0.150256 -1.332500 0.004617 2.188110 0.301892 
-0.406326 0.818031 -0.150823 -1.333110 0.004243 2.187084 0.303441 
-0.404305 0.815651 -0.151447 -1.333781 0.003832 2.185955 0.305146 
-0.402094 0.813048 -0.152131 -1.334515 0.003383 2.184719 0.307012 
-0.399687 0.810215 -0.152874 -1.335314 0.002893 2.183374 0.309043 
-0.397081 0.807146 -0.153679 -1.336180 0.002363 2.181917 0.311242 
-0.394271 0.803838 -0.154547 -1.337113 0.001792 2.180347 0.313613 
-0.391254 0.800285 -0.155480 -1.338115 0.001178 2.178661 0.316158 
-0.388026 0.796485 -0.156477 -1.339187 0.000522 2.176856 0.318882 
-0.384585 0.792433 -0.157540 -1.340330 -0.000178 2.174933 0.321786 
-0.380928 0.788128 -0.158670 -1.341544 -0.000922 2.172889 0.324871 
-0.377054 0.783566 -0.159867 -1.342831 -0.001710 2.170724 0.328141 
-0.372960 0.778746 -0.161132 -1.344190 -0.002543 2.168436 0.331595 
-0.368646 0.773666 -0.162465 -1.345623 -0.003420 2.166025 0.335235 
-0.364110 0.768326 -0.163866 -1.347129 -0.004342 2.163490 0.339062 
-0.359353 0.762726 -0.165336 -1.348709 -0.005310 2.160831 0.343076 
-0.354374 0.756864 -0.166874 -1.350362 -0.006322 2.158048 0.347277 
-0.349174 0.750741 -0.168480 -1.352089 -0.007380 2.155142 0.351665 
-0.343753 0.744358 -0.170155 -1.353890 -0.008483 2.152112 0.356239 
-0.338112 0.737717 -0.171898 -1.355763 -0.009630 2.148960 0.360999 
-0.332253 0.730818 -0.173708 -1.357709 -0.010822 2.145685 0.365943 
-0.326177 0.723664 -0.175586 -1.359727 -0.012057 2.142289 0.371070 
-0.319885 0.716257 -0.177529 -1.361816 -0.013337 2.138773 0.376378 
-0.313381 0.708599 -0.179539 -1.363976 -0.014660 2.135137 0.381867 
-0.306667 0.700693 -0.181613 -1.366206 -0.016025 2.131385 0.387532 
-0.299745 0.692543 -0.183752 -1.368505 -0.017433 2.127516 0.393373 
-0.292618 0.684153 -0.185954 -1.370872 -0.018882 2.123533 0.399386 
-0.285291 0.675526 -0.188218 -1.373305 -0.020373 2.119438 0.405569 
-0.277766 0.666666 -0.190542 -1.375804 -0.021903 2.115232 0.411918 
-0.270048 0.657579 -0.192927 -1.378367 -0.023473 2.110919 0.418431 
-0.262140 0.648268 -0.195370 -1.380993 -0.025081 2.106499 0.425103 
-0.254047 0.638740 -0.197871 -1.383681 -0.026727 2.101976 0.431932 
-0.245774 0.628999 -0.200427 -1.386429 -0.028410 2.097352 0.438913 
-0.237325 0.619051 -0.203037 -1.389235 -0.030128 2.092630 0.446042 
-0.228705 0.608902 -0.205700 -1.392097 -0.031881 2.087812 0.453315 
-0.219920 0.598558 -0.208414 -1.395015 -0.033668 2.082902 0.460728 
-0.210974 0.588026 -0.211178 -1.397986 -0.035487 2.077902 0.468276 
-0.201875 0.577312 -0.213990 -1.401008 -0.037338 2.072817 0.475954 
-0.192626 0.566423 -0.216847 -1.404079 -0.039219 2.067648 0.483758 
-0.183235 0.555366 -0.219748 -1.407198 -0.041129 2.062399 0.491682 
-0.173707 0.544148 -0.222692 -1.410362 -0.043066 2.057074 0.499721 
-0.164049 0.532777 -0.225676 -1.413569 -0.045031 2.051676 0.507871 
-0.154268 0.521260 -0.228698 -1.416818 -0.047020 2.046209 0.516124 
-0.144368 0.509605 -0.231756 -1.420105 -0.049033 2.040676 0.524477 
-0.134359 0.497819 -0.234849 -1.423430 -0.051069 2.035082 0.532923 
-0.124245 0.485912 -0.237974 -1.426788 -0.053126 2.029430 0.541457 
-0.114035 0.473890 -0.241128 -1.430179 -0.055202 2.023723 0.550072 
-0.103734 0.461763 -0.244311 -1.433600 -0.057297 2.017966 0.558764 
-0.093352 0.449538 -0.247518 -1.437048 -0.059409 2.012163 0.567525 
-0.082893 0.437225 -0.250750 -1.440521 -0.061536 2.006318 0.576349 
-0.072367 0.424831 -0.254002 -1.444017 -0.063677 2.000435 0.585231 
-0.061780 0.412366 -0.257273 -1.447533 -0.065830 1.994518 0.594165 
-0.051139 0.399838 -0.260560 -1.451067 -0.067994 1.988571 0.603143 
-0.040453 0.387256 -0.263862 -1.454616 -0.070168 1.982598 0.612160 
-0.029728 0.374629 -0.267175 -1.458177 -0.072349 1.976604 0.621209 
-0.018973 0.361966 -0.270498 -1.461749 -0.074536 1.970593 0.630284 
-0.008195 0.349275 -0.273828 -1.465328 -0.076728 1.964569 0.639379 
0.002599 0.336567 -0.277163 -1.468913 -0.078923 1.958537 0.648486 
0.013400 0.323850 -0.280500 -1.472500 -0.081120 1.952500 0.657600 
0.024201 0.311133 -0.283837 -1.476087 -0.083317 1.946463 0.666714 
0.034995 0.298425 -0.287172 -1.479672 -0.085512 1.940431 0.675821 
0.045773 0.285734 -0.290502 -1.483251 -0.087704 1.934407 0.684916 
0.056528 0.273071 -0.293825 -1.486823 -0.089891 1.928396 0.693991 
0.067253 0.260444 -0.297138 -1.490384 -0.092072 1.922402 0.703040 
0.077939 0.247862 -0.300440 -1.493933 -0.094246 1.916429 0.712057 
0.088580 0.235334 -0.303727 -1.497467 -0.096410 1.910482 0.721035 
0.099167 0.222869 -0.306998 -1.500983 -0.098563 1.904565 0.729969 
0.109693 0.210475 -0.310250 -1.504479 -0.100704 1.898682 0.738851 
0.120152 0.198162 -0.313482 -1.507952 -0.102831 1.892837 0.747675 
0.130534 0.185937 -0.316689 -1.511400 -0.104943 1.887034 0.756436 
0.140835 0.173810 -0.319872 -1.514821 -0.107038 1.881277 0.765128 
0.151045 0.161788 -0.323026 -1.518212 -0.109114 1.875570 0.773743 
0.161159 0.149881 -0.326151 -1.521570 -0.111171 1.869918 0.782277 
0.171168 0.138095 -0.329244 -1.524895 -0.113207 1.864324 0.790723 
0.181068 0.126440 -0.332302 -1.528182 -0.115220 1.858791 0.799076 
0.190849 0.114923 -0.335324 -1.531431 -0.117209 1.853324 0.807329 
0.200507 0.103552 -0.338308 -1.534638 -0.119174 1.847926 0.815479 
0.210035 0.092334 -0.341252 -1.537802 -0.121111 1.842601 0.823518 
0.219426 0.081277 -0.344153 -1.540921 -0.123021 1.837352 0.831442 
0.228675 0.070388 -0.347010 -1.543992 -0.124902 1.832183 0.839246 
0.237774 0.059674 -0.349822 -1.547014 -0.126753 1.827098 0.846924 
0.246720 0.049142 -0.352586 -1.549985 -0.128572 1.822098 0.854472 
0.255505 0.038798 -0.355300 -1.552903 -0.130359 1.817188 0.861885 
0.264125 0.028649 -0.357963 -1.555765 -0.132112 1.812370 0.869158 
0.272574 0.018701 -0.360573 -1.558571 -0.133830 1.807648 0.876287 
0.280847 0.008960 -0.363129 -1.561319 -0.135513 1.803024 0.883268 
0.288940 -0.000568 -0.365630 -1.564007 -0.137159 1.798501 0.890097 
0.296848 -0.009879 -0.368073 -1.566633 -0.138767 1.794081 0.896769 
0.304566 -0.018966 -0.370458 -1.569196 -0.140337 1.789768 0.903282 
0.312091 -0.027826 -0.372782 -1.571695 -0.141867 1.785562 0.909631 
0.319418 -0.036453 -0.375046 -1.574128 -0.143358 1.781467 0.915814 
0.326545 -0.044843 -0.377248 -1.576495 -0.144807 1.777484 0.921827 
0.333467 -0.052993 -0.379387 -1.578794 -0.146215 1.773615 0.927668 
0.340181 -0.060899 -0.381461 -1.581024 -0.147580 1.769863 0.933333 
0.346685 -0.068557 -0.383471 -1.583184 -0.148903 1.766227 0.938822 
0.352977 -0.075964 -0.385414 -1.585273 -0.150183 1.762711 0.944130 
0.359053 -0.083118 -0.387292 -1.587291 -0.151418 1.759315 0.949257 
0.364912 -0.090017 -0.389102 -1.589237 -0.152610 1.756040 0.954201 
0.370553 -0.096658 -0.390845 -1.591110 -0.153757 1.752888 0.958961 
0.375974 -0.103041 -0.392520 -1.592911 -0.154860 1.749858 0.963535 
0.381174 -0.109164 -0.394126 -1.594638 -0.155918 1.746952 0.967923 
0.386153 -0.115026 -0.395664 -1.596291 -0.156930 1.744169 0.972124 
0.390910 -0.120626 -0.397134 -1.597871 -0.157898 1.741510 0.976138 
0.395446 -0.125966 -0.398535 -1.599377 -0.158820 1.738975 0.979965 
0.399760 -0.131046 -0.399868 -1.600810 -0.159697 1.736564 0.983605 
0.403854 -0.135866 -0.401133 -1.602169 -0.160530 1.734276 0.987059 
0.407728 -0.140428 -0.402330 -1.603456 -0.161318 1.732111 0.990329 
0.411385 -0.144733 -0.403460 -1.604670 -0.162062 1.730067 0.993414 
0.414826 -0.148785 -0.404523 -1.605813 -0.162762 1.728144 0.996318 
0.418054 -0.152585 -0.405520 -1.606885 -0.163418 1.726339 0.999042 
0.421071 -0.156138 -0.406453 -1.607887 -0.164032 1.724653 1.001587 
0.423881 -0.159446 -0.407321 -1.608820 -0.164603 1.723083 1.003958 
0.426487 -0.162515 -0.408126 -1.609686 -0.165133 1.721626 1.006157 
0.428894 -0.165348 -0.408869 -1.610485 -0.165623 1.720281 1.008188 
0.431105 -0.167951 -0.409553 -1.611219 -0.166072 1.719045 1.010054 
0.433126 -0.170331 -0.410177 -1.611890 -0.166483 1.717916 1.011759 
0.434961 -0.172492 -0.410744 -1.612500 -0.166857 1.716890 1.013308 
0.436618 -0.174443 -0.411256 -1.613050 -0.167194 1.715964 1.014706 
0.438102 -0.176190 -0.411714 -1.613543 -0.167495 1.715134 1.015958 
0.439421 -0.177742 -0.412122 -1.613981 -0.167764 1.714398 1.017070 
0.440580 -0.179108 -0.412480 -1.614366 -0.167999 1.713750 1.018049 
0.441589 -0.180296 -0.412792 -1.614701 -0.168205 1.713186 1.018900 
0.442456 -0.181316 -0.413059 -1.614989 -0.168381 1.712701 1.019631 
0.443189 -0.182179 -0.413286 -1.615232 -0.168530 1.712292 1.020250 
0.443797 -0.182895 -0.413474 -1.615435 -0.168654 1.711952 1.020763 
0.444292 -0.183477 -0.413627 -1.615599 -0.168754 1.711675 1.021180 
0.444682 -0.183937 -0.413747 -1.615728 -0.168834 1.711457 1.021510 
0.444980 -0.184287 -0.413839 -1.615827 -0.168894 1.711291 1.021761 
0.445196 -0.184542 -0.413906 -1.615899 -0.168938 1.711170 1.021943 
0.445343 -0.184715 -0.413951 -1.615948 -0.168968 1.711088 1.022067 
0.445433 -0.184821 -0.413979 -1.615978 -0.168986 1.711037 1.022143 
0.445480 -0.184876 -0.413994 -1.615993 -0.168996 1.711011 1.022183 
0.445497 -0.184897 -0.413999 -1.615999 -0.168999 1.711001 1.022198 
0.445500 -0.184900 -0.414000 -1.616000 -0.169000 1.711000 1.022200 
0.445500 -0.184900 -0.414000 -1.616000 -0.169000 1.711000 1.022200 
0.445488 -0.184889 -0.413972 -1.615982 -0.168985 1.710990 1.022187 
0.445407 -0.184816 -0.413779 -1.615862 -0.168888 1.710924 1.022101 
0.445196 -0.184627 -0.413278 -1.615549 -0.168632 1.710752 1.021876 
0.444802 -0.184272 -0.412344 -1.614964 -0.168156 1.710430 1.021456 
0.444181 -0.183713 -0.410869 -1.614042 -0.167405 1.709923 1.020793 
0.443295 -0.182917 -0.408766 -1.612727 -0.166333 1.709200 1.019848 
0.442115 -0.181855 -0.405965 -1.610975 -0.164906 1.708236 1.018589 
0.440617 -0.180507 -0.402409 -1.608752 -0.163094 1.707013 1.016992 
0.438786 -0.178859 -0.398061 -1.606032 -0.160878 1.705518 1.015038 
0.436610 -0.176902 -0.392895 -1.602802 -0.158246 1.703741 1.012717 
0.434084 -0.174630 -0.386901 -1.599053 -0.155191 1.701679 1.010023 
0.431211 -0.172045 -0.380079 -1.594787 -0.151715 1.699333 1.006958 
0.427994 -0.169151 -0.372444 -1.590012 -0.147825 1.696707 1.003527 
0.424446 -0.165959 -0.364020 -1.584744 -0.143533 1.693809 0.999742 
0.420580 -0.162480 -0.354842 -1.579005 -0.138856 1.690653 0.995618 
0.416414 -0.158733 -0.344954 -1.572821 -0.133817 1.687252 0.991175 
0.411972 -0.154736 -0.334408 -1.566226 -0.128443 1.683624 0.986436 
0.407277 -0.150513 -0.323263 -1.559257 -0.122765 1.679791 0.981429 
0.402359 -0.146088 -0.311587 -1.551955 -0.116815 1.675775 0.976182 
0.397246 -0.141488 -0.299452 -1.544366 -0.110631 1.671601 0.970730 
0.391973 -0.136744 -0.286933 -1.536537 -0.104253 1.667296 0.965105 
0.386573 -0.131886 -0.274113 -1.528520 -0.097720 1.662886 0.959344 
0.381081 -0.126945 -0.261076 -1.520367 -0.091077 1.658402 0.953486 
0.375533 -0.121954 -0.247907 -1.512132 -0.084366 1.653872 0.947569 
0.369967 -0.116946 -0.234693 -1.503868 -0.077634 1.649328 0.941631 
0.364419 -0.111955 -0.221524 -1.495633 -0.070923 1.644798 0.935714 
0.358927 -0.107014 -0.208487 -1.487480 -0.064280 1.640314 0.929856 
0.353527 -0.102156 -0.195667 -1.479463 -0.057747 1.635904 0.924095 
0.348254 -0.097412 -0.183148 -1.471634 -0.051369 1.631599 0.918470 
0.343141 -0.092812 -0.171013 -1.464045 -0.045185 1.627425 0.913018 
0.338223 -0.088387 -0.159337 -1.456743 -0.039235 1.623409 0.907771 
0.333528 -0.084164 -0.148192 -1.449774 -0.033557 1.619576 0.902764 
0.329086 -0.080167 -0.137646 -1.443179 -0.028183 1.615948 0.898025 
0.324920 -0.076420 -0.127758 -1.436995 -0.023144 1.612547 0.893582 
0.321054 -0.072941 -0.118580 -1.431256 -0.018467 1.609391 0.889458 
0.317506 -0.069749 -0.110156 -1.425988 -0.014175 1.606493 0.885673 
0.314289 -0.066855 -0.102521 -1.421213 -0.010285 1.603867 0.882242 
0.311416 -0.064270 -0.095699 -1.416947 -0.006809 1.601521 0.879177 
0.308890 -0.061998 -0.089705 -1.413198 -0.003754 1.599459 0.876483 
0.306714 -0.060041 -0.084539 -1.409968 -0.001122 1.597682 0.874162 
0.304883 -0.058393 -0.080191 -1.407248 0.001094 1.596187 0.872208 
0.303385 -0.057045 -0.076635 -1.405025 0.002906 1.594964 0.870611 
0.302205 -0.055983 -0.073834 -1.403273 0.004333 1.594000 0.869352 
0.301319 -0.055187 -0.071731 -1.401958 0.005405 1.593277 0.868407 
0.300698 -0.054628 -0.070256 -1.401036 0.006156 1.592770 0.867744 
0.300304 -0.054273 -0.069322 -1.400451 0.006632 1.592448 0.867324 
0.300093 -0.054084 -0.068821 -1.400138 0.006888 1.592276 0.867099 
0.300012 -0.054011 -0.068628 -1.400018 0.006985 1.592210 0.867013 
0.300000 -0.054000 -0.068600 -1.400000 0.007000 1.592200 0.867000 
0.300000 -0.054000 -0.068600 -1.400000 0.007000 1.592200 0.867000 
0.300001 -0.053997 -0.068601 -1.400000 0.007001 1.592202 0.867001 
0.300009 -0.053979 -0.068605 -1.399999 0.007006 1.592215 0.867009 
0.300031 -0.053929 -0.068618 -1.399997 0.007022 1.592248 0.867031 
0.300073 -0.053834 -0.068642 -1.399994 0.007051 1.592314 0.867072 
0.300142 -0.053678 -0.068681 -1.399988 0.007098 1.592420 0.867138 
0.300242 -0.053450 -0.068738 -1.399980 0.007168 1.592576 0.867237 
0.300381 -0.053136 -0.068817 -1.399968 0.007264 1.592791 0.867372 
0.300563 -0.052723 -0.068921 -1.399953 0.007391 1.593073 0.867550 
0.300793 -0.052201 -0.069052 -1.399934 0.007550 1.593430 0.867774 
0.301076 -0.051559 -0.069214 -1.399910 0.007747 1.593870 0.868051 
0.301417 -0.050785 -0.069409 -1.399882 0.007984 1.594400 0.868384 
0.301821 -0.049870 -0.069639 -1.399848 0.008264 1.595025 0.868778 
0.302290 -0.048805 -0.069907 -1.399809 0.008589 1.595754 0.869237 
0.302830 -0.047580 -0.070215 -1.399764 0.008964 1.596592 0.869764 
0.303443 -0.046189 -0.070565 -1.399713 0.009390 1.597543 0.870363 
0.304134 -0.044623 -0.070959 -1.399655 0.009869 1.598615 0.871038 
0.304905 -0.042874 -0.071398 -1.399591 0.010404 1.599811 0.871790 
0.305759 -0.040937 -0.071886 -1.399520 0.010996 1.601136 0.872624 
0.306699 -0.038805 -0.072422 -1.399442 0.011648 1.602595 0.873542 
0.307727 -0.036473 -0.073009 -1.399356 0.012362 1.604190 0.874547 
0.308846 -0.033935 -0.073647 -1.399263 0.013138 1.605927 0.875640 
0.310057 -0.031186 -0.074338 -1.399162 0.013979 1.607807 0.876823 
0.311364 -0.028223 -0.075084 -1.399053 0.014886 1.609834 0.878099 
0.312766 -0.025042 -0.075884 -1.398936 0.015859 1.612011 0.879469 
0.314266 -0.021639 -0.076740 -1.398811 0.016900 1.614339 0.880934 
0.315865 -0.018011 -0.077652 -1.398678 0.018010 1.616820 0.882496 
0.317565 -0.014157 -0.078622 -1.398536 0.019189 1.619457 0.884155 
0.319365 -0.010074 -0.079649 -1.398386 0.020438 1.622250 0.885913 
0.321266 -0.005760 -0.080734 -1.398227 0.021758 1.625201 0.887771 
0.323270 -0.001215 -0.081877 -1.398060 0.023148 1.628311 0.889728 
0.325376 0.003563 -0.083079 -1.397885 0.024610 1.631579 0.891785 
0.327585 0.008573 -0.084339 -1.397701 0.026142 1.635007 0.893942 
0.329896 0.013816 -0.085658 -1.397508 0.027746 1.638593 0.896199 
0.332310 0.019292 -0.087035 -1.397307 0.029421 1.642339 0.898557 
0.334826 0.024999 -0.088470 -1.397097 0.031167 1.646244 0.901014 
0.337444 0.030937 -0.089964 -1.396879 0.032984 1.650306 0.903571 
0.340162 0.037103 -0.091515 -1.396652 0.034870 1.654524 0.906226 
0.342981 0.043497 -0.093123 -1.396417 0.036826 1.658899 0.908979 
0.345899 0.050117 -0.094788 -1.396174 0.038851 1.663427 0.911829 
0.348915 0.056959 -0.096509 -1.395923 0.040945 1.668108 0.914775 
0.352029 0.064021 -0.098286 -1.395663 0.043105 1.672939 0.917816 
0.355238 0.071300 -0.100116 -1.395396 0.045332 1.677918 0.920950 
0.358541 0.078793 -0.102001 -1.395120 0.047624 1.683044 0.924176 
0.361937 0.086496 -0.103938 -1.394837 0.049981 1.688314 0.927493 
0.365423 0.094404 -0.105928 -1.394547 0.052400 1.693724 0.930898 
0.368999 0.102515 -0.107968 -1.394249 0.054881 1.699273 0.934390 
0.372661 0.110824 -0.110058 -1.393943 0.057423 1.704957 0.937968 
0.376409 0.119325 -0.112196 -1.393631 0.060024 1.710773 0.941628 
0.380240 0.128014 -0.114382 -1.393312 0.062682 1.716717 0.945369 
0.384151 0.136886 -0.116613 -1.392986 0.065396 1.722786 0.949189 
0.388140 0.145935 -0.118889 -1.392653 0.068164 1.728977 0.953086 
0.392205 0.155157 -0.121209 -1.392314 0.070985 1.735285 0.957056 
0.396343 0.164544 -0.123570 -1.391969 0.073857 1.741707 0.961098 
0.400552 0.174091 -0.125971 -1.391619 0.076778 1.748238 0.965209 
0.404829 0.183792 -0.128411 -1.391262 0.079745 1.754875 0.969385 
0.409171 0.193640 -0.130888 -1.390900 0.082758 1.761612 0.973626 
0.413574 0.203630 -0.133401 -1.390533 0.085814 1.768446 0.977927 
0.418037 0.213754 -0.135947 -1.390161 0.088911 1.775372 0.982286 
0.422556 0.224005 -0.138526 -1.389784 0.092047 1.782384 0.986700 
0.427129 0.234376 -0.141134 -1.389403 0.095220 1.789480 0.991165 
0.431751 0.244861 -0.143772 -1.389018 0.098428 1.796652 0.995680 
0.436420 0.255452 -0.146436 -1.388629 0.101668 1.803898 1.000240 
0.441132 0.266141 -0.149124 -1.388236 0.104938 1.811210 1.004842 
0.445884 0.276922 -0.151836 -1.387840 0.108236 1.818585 1.009484 
0.450674 0.287786 -0.154568 -1.387441 0.111559 1.826017 1.014162 
0.455497 0.298726 -0.157320 -1.387039 0.114906 1.833501 1.018872 
0.460349 0.309734 -0.160089 -1.386634 0.118274 1.841032 1.023612 
0.465229 0.320802 -0.162873 -1.386227 0.121660 1.848604 1.028378 
0.470131 0.331923 -0.165670 -1.385819 0.125062 1.856212 1.033166 
0.475053 0.343088 -0.168478 -1.385409 0.128477 1.863850 1.037973 
0.479992 0.354289 -0.171296 -1.384997 0.131904 1.871513 1.042796 
0.484942 0.365519 -0.174121 -1.384584 0.135340 1.879195 1.047631 
0.489902 0.376769 -0.176950 -1.384171 0.138781 1.886892 1.052475 
0.494867 0.388032 -0.179783 -1.383757 0.142227 1.894596 1.057325 
0.499833 0.399298 -0.182617 -1.383343 0.145673 1.902304 1.062175 
0.504798 0.410561 -0.185450 -1.382929 0.149119 1.910008 1.067025 
0.509758 0.421811 -0.188279 -1.382516 0.152560 1.917705 1.071869 
0.514708 0.433041 -0.191104 -1.382103 0.155996 1.925387 1.076704 
0.519647 0.444242 -0.193922 -1.381691 0.159423 1.933050 1.081527 
0.524569 0.455407 -0.196730 -1.381281 0.162838 1.940688 1.086334 
0.529471 0.466528 -0.199527 -1.380873 0.166240 1.948296 1.091122 
0.534351 0.477596 -0.202311 -1.380466 0.169626 1.955868 1.095888 
0.539203 0.488604 -0.205080 -1.380061 0.172994 1.963399 1.100628 
0.544026 0.499544 -0.207832 -1.379659 0.176341 1.970883 1.105338 
0.548816 0.510408 -0.210564 -1.379260 0.179664 1.978315 1.110016 
0.553568 0.521189 -0.213276 -1.378864 0.182962 1.985690 1.114658 
0.558280 0.531878 -0.215964 -1.378471 0.186232 1.993002 1.119260 
0.562949 0.542469 -0.218628 -1.378082 0.189472 2.000248 1.123820 
0.567571 0.552954 -0.221266 -1.377697 0.192680 2.007420 1.128335 
0.572144 0.563325 -0.223874 -1.377316 0.195853 2.014516 1.132800 
0.576663 0.573576 -0.226453 -1.376939 0.198989 2.021528 1.137214 
0.581126 0.583700 -0.228999 -1.376567 0.202086 2.028454 1.141573 
0.585529 0.593690 -0.231512 -1.376200 0.205142 2.035288 1.145874 
0.589871 0.603538 -0.233989 -1.375838 0.208155 2.042025 1.150115 
0.594148 0.613239 -0.236429 -1.375481 0.211122 2.048662 1.154291 
0.598357 0.622786 -0.238830 -1.375131 0.214043 2.055193 1.158402 
0.602495 0.632173 -0.241191 -1.374786 0.216915 2.061615 1.162444 
0.606560 0.641395 -0.243511 -1.374447 0.219736 2.067923 1.166414 
0.610549 0.650444 -0.245787 -1.374114 0.222504 2.074114 1.170311 
0.614460 0.659316 -0.248018 -1.373788 0.225218 2.080183 1.174131 
0.618291 0.668005 -0.250204 -1.373469 0.227876 2.086127 1.177872 
0.622039 0.676506 -0.252342 -1.373157 0.230477 2.091943 1.181532 
0.625701 0.684815 -0.254432 -1.372851 0.233019 2.097627 1.185110 
0.629277 0.692926 -0.256472 -1.372553 0.235500 2.103176 1.188602 
0.632763 0.700834 -0.258462 -1.372263 0.237919 2.108586 1.192007 
0.636159 0.708537 -0.260399 -1.371980 0.240276 2.113856 1.195324 
0.639462 0.716030 -0.262284 -1.371704 0.242568 2.118982 1.198550 
0.642671 0.723309 -0.264114 -1.371437 0.244795 2.123961 1.201684 
0.645785 0.730371 -0.265891 -1.371177 0.246955 2.128792 1.204725 
0.648801 0.737213 -0.267612 -1.370926 0.249049 2.133473 1.207671 
0.651719 0.743833 -0.269277 -1.370683 0.251074 2.138001 1.210521 
0.654538 0.750227 -0.270885 -1.370448 0.253030 2.142376 1.213274 
0.657256 0.756393 -0.272436 -1.370221 0.254916 2.146594 1.215929 
0.659874 0.762331 -0.273930 -1.370003 0.256733 2.150656 1.218486 
0.662390 0.768038 -0.275365 -1.369793 0.258479 2.154561 1.220943 
0.664804 0.773514 -0.276742 -1.369592 0.260154 2.158307 1.223301 
0.667115 0.778757 -0.278061 -1.369399 0.261758 2.161893 1.225558 
0.669324 0.783767 -0.279321 -1.369215 0.263290 2.165321 1.227715 
0.671430 0.788545 -0.280523 -1.369040 0.264752 2.168589 1.229772 
0.673434 0.793090 -0.281666 -1.368873 0.266142 2.171699 1.231729 
0.675335 0.797404 -0.282751 -1.368714 0.267462 2.174650 1.233587 
0.677135 0.801487 -0.283778 -1.368564 0.268711 2.177443 1.235345 
0.678835 0.805341 -0.284748 -1.368422 0.269890 2.180080 1.237004 
0.680434 0.808969 -0.285660 -1.368289 0.271000 2.182561 1.238566 
0.681934 0.812372 -0.286516 -1.368164 0.272041 2.184889 1.240031 
0.683336 0.815553 -0.287316 -1.368047 0.273014 2.187066 1.241401 
0.684643 0.818516 -0.288062 -1.367938 0.273921 2.189093 1.242677 
0.685854 0.821265 -0.288753 -1.367837 0.274762 2.190973 1.243860 
0.686973 0.823803 -0.289391 -1.367744 0.275538 2.192710 1.244953 
0.688001 0.826135 -0.289978 -1.367658 0.276252 2.194305 1.245958 
0.688941 0.828267 -0.290514 -1.367580 0.276904 2.195764 1.246876 
0.689795 0.830204 -0.291002 -1.367509 0.277496 2.197089 1.247710 
0.690566 0.831953 -0.291441 -1.367445 0.278031 2.198285 1.248462 
0.691257 0.833519 -0.291835 -1.367387 0.278510 2.199357 1.249137 
0.691870 0.834910 -0.292185 -1.367336 0.278936 2.200308 1.249736 
0.692410 0.836135 -0.292493 -1.367291 0.279311 2.201146 1.250263 
0.692879 0.837200 -0.292761 -1.367252 0.279636 2.201875 1.250722 
0.693283 0.838115 -0.292991 -1.367218 0.279916 2.202500 1.251116 
0.693624 0.838889 -0.293186 -1.367190 0.280153 2.203030 1.251449 
0.693907 0.839531 -0.293348 -1.367166 0.280350 2.203470 1.251726 
0.694137 0.840053 -0.293479 -1.367147 0.280509 2.203827 1.251950 
0.694319 0.840466 -0.293583 -1.367132 0.280636 2.204109 1.252128 
0.694458 0.840780 -0.293662 -1.367120 0.280732 2.204324 1.252263 
0.694558 0.841008 -0.293719 -1.367112 0.280802 2.204480 1.252362 
0.694627 0.841164 -0.293758 -1.367106 0.280849 2.204586 1.252428 
0.694669 0.841259 -0.293782 -1.367103 0.280878 2.204652 1.252469 
0.694691 0.841309 -0.293795 -1.367101 0.280894 2.204685 1.252491 
0.694699 0.841327 -0.293799 -1.367100 0.280899 2.204698 1.252499 
0.694700 0.841330 -0.293800 -1.367100 0.280900 2.204700 1.252500 
0.694700 0.841330 -0.293800 -1.367100 0.280900 2.204700 1.252500 
0.694690 0.841328 -0.293801 -1.367103 0.280900 2.204701 1.252475 
0.694624 0.841315 -0.293809 -1.367123 0.280901 2.204708 1.252303 
0.694447 0.841282 -0.293830 -1.367177 0.280903 2.204726 1.251846 
0.694110 0.841217 -0.293869 -1.367279 0.280906 2.204761 1.250974 
0.693565 0.841114 -0.293933 -1.367443 0.280912 2.204818 1.249567 
0.692769 0.840962 -0.294026 -1.367684 0.280921 2.204901 1.247511 
0.691682 0.840755 -0.294153 -1.368013 0.280933 2.205014 1.244702 
0.690267 0.840485 -0.294319 -1.368441 0.280949 2.205161 1.241044 
0.688489 0.840146 -0.294527 -1.368979 0.280968 2.205346 1.236450 
0.686318 0.839732 -0.294781 -1.369636 0.280992 2.205572 1.230838 
0.683724 0.839238 -0.295085 -1.370420 0.281020 2.205842 1.224135 
0.680683 0.838658 -0.295441 -1.371340 0.281053 2.206158 1.216277 
0.677173 0.837989 -0.295852 -1.372402 0.281092 2.206523 1.207204 
0.673172 0.837226 -0.296320 -1.373612 0.281136 2.206939 1.196865 
0.668664 0.836367 -0.296848 -1.374976 0.281185 2.207408 1.185216 
0.663635 0.835408 -0.297437 -1.376498 0.281240 2.207932 1.172218 
0.658071 0.834347 -0.298088 -1.378181 0.281301 2.208510 1.157840 
0.651964 0.833183 -0.298803 -1.380028 0.281368 2.209146 1.142056 
0.645305 0.831913 -0.299583 -1.382043 0.281441 2.209838 1.124848 
0.638090 0.830538 -0.300428 -1.384225 0.281520 2.210589 1.106201 
0.630315 0.829056 -0.301338 -1.386577 0.281605 2.211398 1.086108 
0.621980 0.827467 -0.302314 -1.389099 0.281696 2.212265 1.064567 
0.613085 0.825771 -0.303355 -1.391789 0.281794 2.213190 1.041580 
0.603634 0.823969 -0.304462 -1.394648 0.281897 2.214173 1.017157 
0.593632 0.822063 -0.305632 -1.397674 0.282007 2.215213 0.991309 
0.583086 0.820052 -0.306867 -1.400864 0.282122 2.216311 0.964055 
0.572005 0.817940 -0.308164 -1.404217 0.282243 2.217463 0.935417 
0.560398 0.815727 -0.309523 -1.407728 0.282370 2.218671 0.905421 
0.548279 0.813417 -0.310942 -1.411394 0.282503 2.219931 0.874100 
0.535659 0.811011 -0.312420 -1.415212 0.282641 2.221244 0.841488 
0.522555 0.808513 -0.313954 -1.419176 0.282785 2.222607 0.807623 
0.508983 0.805925 -0.315543 -1.423281 0.282933 2.224019 0.772548 
0.494960 0.803252 -0.317184 -1.427523 0.283087 2.225478 0.736309 
0.480506 0.800497 -0.318877 -1.431896 0.283245 2.226981 0.698954 
0.465641 0.797663 -0.320617 -1.436393 0.283408 2.228528 0.660537 
0.450386 0.794754 -0.322403 -1.441008 0.283575 2.230115 0.621113 
0.434763 0.791776 -0.324232 -1.445734 0.283746 2.231740 0.580738 
0.418795 0.788732 -0.326101 -1.450564 0.283921 2.233401 0.539473 
0.402508 0.785627 -0.328008 -1.455491 0.284099 2.235095 0.497382 
0.385926 0.782466 -0.329950 -1.460508 0.284281 2.236820 0.454527 
0.369074 0.779253 -0.331923 -1.465605 0.284465 2.238573 0.410978 
0.351980 0.775995 -0.333924 -1.470777 0.284652 2.240351 0.366801 
0.334670 0.772695 -0.335950 -1.476013 0.284842 2.242152 0.322067 
0.317173 0.769359 -0.337999 -1.481306 0.285033 2.243972 0.276847 
0.299515 0.765993 -0.340066 -1.486648 0.285227 2.245809 0.231214 
0.281726 0.762602 -0.342149 -1.492029 0.285422 2.247659 0.185242 
0.263835 0.759191 -0.344243 -1.497442 0.285617 2.249520 0.139006 
0.245870 0.755766 -0.346347 -1.502876 0.285814 2.251389 0.092579 
0.227862 0.752333 -0.348455 -1.508324 0.286011 2.253263 0.046039 
0.209838 0.748897 -0.350565 -1.513776 0.286209 2.255137 -0.000539 
0.191830 0.745464 -0.352673 -1.519224 0.286406 2.257011 -0.047079 
0.173865 0.742039 -0.354777 -1.524658 0.286603 2.258880 -0.093506 
0.155974 0.738628 -0.356871 -1.530071 0.286798 2.260741 -0.139742 
0.138185 0.735237 -0.358954 -1.535452 0.286993 2.262591 -0.185714 
0.120527 0.731871 -0.361021 -1.540794 0.287187 2.264428 -0.231347 
0.103030 0.728535 -0.363070 -1.546087 0.287378 2.266248 -0.276567 
0.085720 0.725235 -0.365096 -1.551323 0.287568 2.268049 -0.321301 
0.068626 0.721977 -0.367097 -1.556495 0.287755 2.269827 -0.365478 
0.051774 0.718764 -0.369070 -1.561592 0.287939 2.271580 -0.409027 
0.035192 0.715603 -0.371012 -1.566609 0.288121 2.273305 -0.451882 
0.018905 0.712498 -0.372919 -1.571536 0.288299 2.274999 -0.493973 
0.002937 0.709454 -0.374788 -1.576366 0.288474 2.276660 -0.535238 
-0.012686 0.706476 -0.376617 -1.581092 0.288645 2.278285 -0.575613 
-0.027941 0.703567 -0.378403 -1.585707 0.288812 2.279872 -0.615037 
-0.042806 0.700733 -0.380143 -1.590204 0.288975 2.281419 -0.653454 
-0.057260 0.697978 -0.381836 -1.594577 0.289133 2.282922 -0.690809 
-0.071283 0.695305 -0.383477 -1.598819 0.289287 2.284381 -0.727048 
-0.084855 0.692717 -0.385066 -1.602924 0.289435 2.285793 -0.762123 
-0.097959 0.690219 -0.386600 -1.606888 0.289579 2.287156 -0.795988 
-0.110579 0.687813 -0.388078 -1.610706 0.289717 2.288469 -0.828600 
-0.122698 0.685503 -0.389497 -1.614372 0.289850 2.289729 -0.859921 
-0.134305 0.683290 -0.390856 -1.617883 0.289977 2.290937 -0.889917 
-0.145386 0.681178 -0.392153 -1.621236 0.290098 2.292089 -0.918555 
-0.155932 0.679167 -0.393388 -1.624426 0.290213 2.293187 -0.945809 
-0.165934 0.677261 -0.394558 -1.627452 0.290323 2.294227 -0.971657 
-0.175385 0.675459 -0.395665 -1.630311 0.290426 2.295210 -0.996080 
-0.184280 0.673763 -0.396706 -1.633001 0.290524 2.296135 -1.019067 
-0.192615 0.672174 -0.397682 -1.635523 0.290615 2.297002 -1.040608 
-0.200390 0.670692 -0.398592 -1.637875 0.290700 2.297811 -1.060701 
-0.207605 0.669317 -0.399437 -1.640057 0.290779 2.298562 -1.079348 
-0.214264 0.668047 -0.400217 -1.642072 0.290852 2.299254 -1.096556 
-0.220371 0.666883 -0.400932 -1.643919 0.290919 2.299890 -1.112340 
-0.225935 0.665822 -0.401583 -1.645602 0.290980 2.300468 -1.126718 
-0.230964 0.664863 -0.402172 -1.647124 0.291035 2.300992 -1.139716 
-0.235472 0.664004 -0.402700 -1.648488 0.291084 2.301461 -1.151365 
-0.239473 0.663241 -0.403168 -1.649698 0.291128 2.301877 -1.161704 
-0.242983 0.662572 -0.403579 -1.650760 0.291167 2.302242 -1.170777 
-0.246024 0.661992 -0.403935 -1.651680 0.291200 2.302558 -1.178635 
-0.248618 0.661498 -0.404239 -1.652464 0.291228 2.302828 -1.185338 
-0.250789 0.661084 -0.404493 -1.653121 0.291252 2.303054 -1.190950 
-0.252567 0.660745 -0.404701 -1.653659 0.291271 2.303239 -1.195544 
-0.253982 0.660475 -0.404867 -1.654087 0.291287 2.303386 -1.199202 
-0.255069 0.660268 -0.404994 -1.654416 0.291299 2.303499 -1.202011 
-0.255865 0.660116 -0.405087 -1.654657 0.291308 2.303582 -1.204067 
-0.256410 0.660013 -0.405151 -1.654821 0.291314 2.303639 -1.205474 
-0.256747 0.659948 -0.405190 -1.654923 0.291317 2.303674 -1.206346 
-0.256924 0.659915 -0.405211 -1.654977 0.291319 2.303692 -1.206803 
-0.256990 0.659902 -0.405219 -1.654997 0.291320 2.303699 -1.206975 
-0.257000 0.659900 -0.405220 -1.655000 0.291320 2.303700 -1.207000 
-0.257000 0.659900 -0.405220 -1.655000 0.291320 2.303700 -1.207000 
-0.256990 0.659902 -0.405219 -1.654997 0.291320 2.303699 -1.206975 
-0.256924 0.659915 -0.405211 -1.654977 0.291319 2.303692 -1.206803 
-0.256747 0.659948 -0.405190 -1.654923 0.291317 2.303674 -1.206346 
-0.256410 0.660013 -0.405151 -1.654821 0.291314 2.303639 -1.205474 
-0.255865 0.660116 -0.405087 -1.654657 0.291308 2.303582 -1.204067 
-0.255069 0.660268 -0.404994 -1.654416 0.291299 2.303499 -1.202011 
-0.253982 0.660475 -0.404867 -1.654087 0.291287 2.303386 -1.199202 
-0.252567 0.660745 -0.404701 -1.653659 0.291271 2.303239 -1.195544 
-0.250789 0.661084 -0.404493 -1.653121 0.291252 2.303054 -1.190950 
-0.248618 0.661498 -0.404239 -1.652464 0.291228 2.302828 -1.185338 
-0.246024 0.661992 -0.403935 -1.651680 0.291200 2.302558 -1.178635 
-0.242983 0.662572 -0.403579 -1.650760 0.291167 2.302242 -1.170777 
-0.239473 0.663241 -0.403168 -1.649698 0.291128 2.301877 -1.161704 
-0.235472 0.664004 -0.402700 -1.648488 0.291084 2.301461 -1.151365 
-0.230964 0.664863 -0.402172 -1.647124 0.291035 2.300992 -1.139716 
-0.225935 0.665822 -0.401583 -1.645602 0.290980 2.300468 -1.126718 
-0.220371 0.666883 -0.400932 -1.643919 0.290919 2.299890 -1.112340 
-0.214264 0.668047 -0.400217 -1.642072 0.290852 2.299254 -1.096556 
-0.207605 0.669317 -0.399437 -1.640057 0.290779 2.298562 -1.079348 
-0.200390 0.670692 -0.398592 -1.637875 0.290700 2.297811 -1.060701 
-0.192615 0.672174 -0.397682 -1.635523 0.290615 2.297002 -1.040608 
-0.184280 0.673763 -0.396706 -1.633001 0.290524 2.296135 -1.019067 
-0.175385 0.675459 -0.395665 -1.630311 0.290426 2.295210 -0.996080 
-0.165934 0.677261 -0.394558 -1.627452 0.290323 2.294227 -0.971657 
-0.155932 0.679167 -0.393388 -1.624426 0.290213 2.293187 -0.945809 
-0.145386 0.681178 -0.392153 -1.621236 0.290098 2.292089 -0.918555 
-0.134305 0.683290 -0.390856 -1.617883 0.289977 2.290937 -0.889917 
-0.122698 0.685503 -0.389497 -1.614372 0.289850 2.289729 -0.859921 
-0.110579 0.687813 -0.388078 -1.610706 0.289717 2.288469 -0.828600 
-0.097959 0.690219 -0.386600 -1.606888 0.289579 2.287156 -0.795988 
-0.084855 0.692717 -0.385066 -1.602924 0.289435 2.285793 -0.762123 
-0.071283 0.695305 -0.383477 -1.598819 0.289287 2.284381 -0.727048 
-0.057260 0.697978 -0.381836 -1.594577 0.289133 2.282922 -0.690809 
-0.042806 0.700733 -0.380143 -1.590204 0.288975 2.281419 -0.653454 
-0.027941 0.703567 -0.378403 -1.585707 0.288812 2.279872 -0.615037 
-0.012686 0.706476 -0.376617 -1.581092 0.288645 2.278285 -0.575613 
0.002937 0.709454 -0.374788 -1.576366 0.288474 2.276660 -0.535238 
0.018905 0.712498 -0.372919 -1.571536 0.288299 2.274999 -0.493973 
0.035192 0.715603 -0.371012 -1.566609 0.288121 2.273305 -0.451882 
0.051774 0.718764 -0.369070 -1.561592 0.287939 2.271580 -0.409027 
0.068626 0.721977 -0.367097 -1.556495 0.287755 2.269827 -0.365478 
0.085720 0.725235 -0.365096 -1.551323 0.287568 2.268049 -0.321301 
0.103030 0.728535 -0.363070 -1.546087 0.287378 2.266248 -0.276567 
0.120527 0.731871 -0.361021 -1.540794 0.287187 2.264428 -0.231347 
0.138185 0.735237 -0.358954 -1.535452 0.286993 2.262591 -0.185714 
0.155974 0.738628 -0.356871 -1.530071 0.286798 2.260741 -0.139742 
0.173865 0.742039 -0.354777 -1.524658 0.286603 2.258880 -0.093506 
0.191830 0.745464 -0.352673 -1.519224 0.286406 2.257011 -0.047079 
0.209838 0.748897 -0.350565 -1.513776 0.286209 2.255137 -0.000539 
0.227862 0.752333 -0.348455 -1.508324 0.286011 2.253263 0.046039 
0.245870 0.755766 -0.346347 -1.502876 0.285814 2.251389 0.092579 
0.263835 0.759191 -0.344243 -1.497442 0.285617 2.249520 0.139006 
0.281726 0.762602 -0.342149 -1.492029 0.285422 2.247659 0.185242 
0.299515 0.765993 -0.340066 -1.486648 0.285227 2.245809 0.231214 
0.317173 0.769359 -0.337999 -1.481306 0.285033 2.243972 0.276847 
0.334670 0.772695 -0.335950 -1.476013 0.284842 2.242152 0.322067 
0.351980 0.775995 -0.333924 -1.470777 0.284652 2.240351 0.366801 
0.369074 0.779253 -0.331923 -1.465605 0.284465 2.238573 0.410978 
0.385926 0.782466 -0.329950 -1.460508 0.284281 2.236820 0.454527 
0.402508 0.785627 -0.328008 -1.455491 0.284099 2.235095 0.497382 
0.418795 0.788732 -0.326101 -1.450564 0.283921 2.233401 0.539473 
0.434763 0.791776 -0.324232 -1.445734 0.283746 2.231740 0.580738 
0.450386 0.794754 -0.322403 -1.441008 0.283575 2.230115 0.621113 
0.465641 0.797663 -0.320617 -1.436393 0.283408 2.228528 0.660537 
0.480506 0.800497 -0.318877 -1.431896 0.283245 2.226981 0.698954 
0.494960 0.803252 -0.317184 -1.427523 0.283087 2.225478 0.736309 
0.508983 0.805925 -0.315543 -1.423281 0.282933 2.224019 0.772548 
0.522555 0.808513 -0.313954 -1.419176 0.282785 2.222607 0.807623 
0.535659 0.811011 -0.312420 -1.415212 0.282641 2.221244 0.841488 
0.548279 0.813417 -0.310942 -1.411394 0.282503 2.219931 0.874100 
0.560398 0.815727 -0.309523 -1.407728 0.282370 2.218671 0.905421 
0.572005 0.817940 -0.308164 -1.404217 0.282243 2.217463 0.935417 
0.583086 0.820052 -0.306867 -1.400864 0.282122 2.216311 0.964055 
0.593632 0.822063 -0.305632 -1.397674 0.282007 2.215213 0.991309 
0.603634 0.823969 -0.304462 -1.394648 0.281897 2.214173 1.017157 
0.613085 0.825771 -0.303355 -1.391789 0.281794 2.213190 1.041580 
0.621980 0.827467 -0.302314 -1.389099 0.281696 2.212265 1.064567 
0.630315 0.829056 -0.301338 -1.386577 0.281605 2.211398 1.086108 
0.638090 0.830538 -0.300428 -1.384225 0.281520 2.210589 1.106201 
0.645305 0.831913 -0.299583 -1.382043 0.281441 2.209838 1.124848 
0.651964 0.833183 -0.298803 -1.380028 0.281368 2.209146 1.142056 
0.658071 0.834347 -0.298088 -1.378181 0.281301 2.208510 1.157840 
0.663635 0.835408 -0.297437 -1.376498 0.281240 2.207932 1.172218 
0.668664 0.836367 -0.296848 -1.374976 0.281185 2.207408 1.185216 
0.673172 0.837226 -0.296320 -1.373612 0.281136 2.206939 1.196865 
0.677173 0.837989 -0.295852 -1.372402 0.281092 2.206523 1.207204 
0.680683 0.838658 -0.295441 -1.371340 0.281053 2.206158 1.216277 
0.683724 0.839238 -0.295085 -1.370420 0.281020 2.205842 1.224135 
0.686318 0.839732 -0.294781 -1.369636 0.280992 2.205572 1.230838 
0.688489 0.840146 -0.294527 -1.368979 0.280968 2.205346 1.236450 
0.690267 0.840485 -0.294319 -1.368441 0.280949 2.205161 1.241044 
0.691682 0.840755 -0.294153 -1.368013 0.280933 2.205014 1.244702 
0.692769 0.840962 -0.294026 -1.367684 0.280921 2.204901 1.247511 
0.693565 0.841114 -0.293933 -1.367443 0.280912 2.204818 1.249567 
0.694110 0.841217 -0.293869 -1.367279 0.280906 2.204761 1.250974 
0.694447 0.841282 -0.293830 -1.367177 0.280903 2.204726 1.251846 
0.694624 0.841315 -0.293809 -1.367123 0.280901 2.204708 1.252303 
0.694690 0.841328 -0.293801 -1.367103 0.280900 2.204701 1.252475 
0.694700 0.841330 -0.293800 -1.367100 0.280900 2.204700 1.252500 
