0.000000 0.000000 0.000000 0.000000 0.000000 0.000000 0.000000 
0.000379 -0.000446 -0.000117 -0.000126 -0.000077 -0.000212 0.000320 
0.001496 -0.001761 -0.000462 -0.000497 -0.000304 -0.000836 0.001262 
0.003320 -0.003909 -0.001026 -0.001103 -0.000675 -0.001855 0.002801 
0.005822 -0.006855 -0.001799 -0.001933 -0.001184 -0.003254 0.004913 
0.008973 -0.010564 -0.002772 -0.002980 -0.001825 -0.005015 0.007571 
0.012743 -0.015004 -0.003937 -0.004232 -0.002592 -0.007122 0.010752 
0.017105 -0.020139 -0.005285 -0.005680 -0.003479 -0.009560 0.014433 
0.022030 -0.025937 -0.006806 -0.007316 -0.004480 -0.012312 0.018588 
0.027490 -0.032366 -0.008493 -0.009129 -0.005591 -0.015364 0.023196 
0.033458 -0.039394 -0.010337 -0.011112 -0.006805 -0.018700 0.028232 
0.039908 -0.046988 -0.012330 -0.013254 -0.008117 -0.022305 0.033674 
0.046813 -0.055118 -0.014463 -0.015547 -0.009521 -0.026164 0.039500 
0.054147 -0.063753 -0.016729 -0.017982 -0.011012 -0.030263 0.045689 
0.061885 -0.072862 -0.019120 -0.020552 -0.012586 -0.034587 0.052217 
0.070000 -0.082418 -0.021627 -0.023247 -0.014237 -0.039123 0.059065 
0.078469 -0.092389 -0.024244 -0.026060 -0.015959 -0.043856 0.066211 
0.087267 -0.102747 -0.026962 -0.028981 -0.017748 -0.048773 0.073635 
0.096370 -0.113465 -0.029774 -0.032004 -0.019600 -0.053861 0.081316 
0.105755 -0.124514 -0.032674 -0.035121 -0.021508 -0.059106 0.089234 
0.115397 -0.135868 -0.035653 -0.038323 -0.023469 -0.064495 0.097371 
0.125276 -0.147498 -0.038705 -0.041604 -0.025478 -0.070016 0.105706 
0.135368 -0.159380 -0.041823 -0.044955 -0.027531 -0.075657 0.114221 
0.145651 -0.171488 -0.045000 -0.048370 -0.029622 -0.081404 0.122898 
0.156104 -0.183795 -0.048229 -0.051842 -0.031748 -0.087246 0.131718 
0.166705 -0.196277 -0.051505 -0.055363 -0.033904 -0.093171 0.140664 
0.177435 -0.208910 -0.054820 -0.058926 -0.036087 -0.099168 0.149717 
0.188273 -0.221670 -0.058168 -0.062525 -0.038291 -0.105225 0.158862 
0.199198 -0.234534 -0.061543 -0.066153 -0.040513 -0.111331 0.168081 
0.210192 -0.247478 -0.064940 -0.069805 -0.042749 -0.117476 0.177357 
0.221235 -0.260480 -0.068352 -0.073472 -0.044995 -0.123648 0.186675 
0.232309 -0.273518 -0.071773 -0.077150 -0.047247 -0.129837 0.196019 
0.243396 -0.286572 -0.075199 -0.080832 -0.049502 -0.136034 0.205374 
0.254477 -0.299619 -0.078622 -0.084512 -0.051755 -0.142227 0.214724 
0.265536 -0.312639 -0.082039 -0.088184 -0.054004 -0.148408 0.224055 
0.276555 -0.325613 -0.085443 -0.091844 -0.056245 -0.154566 0.233353 
0.287517 -0.338520 -0.088830 -0.095484 -0.058475 -0.160693 0.242603 
0.298407 -0.351342 -0.092195 -0.099101 -0.060690 -0.166779 0.251792 
0.309209 -0.364060 -0.095532 -0.102688 -0.062887 -0.172817 0.260906 
0.319907 -0.376656 -0.098837 -0.106241 -0.065062 -0.178796 0.269934 
0.330487 -0.389112 -0.102106 -0.109754 -0.067214 -0.184709 0.278860 
0.340934 -0.401412 -0.105334 -0.113224 -0.069339 -0.190547 0.287675 
0.351233 -0.413538 -0.108516 -0.116644 -0.071433 -0.196304 0.296366 
0.361371 -0.425475 -0.111648 -0.120011 -0.073495 -0.201970 0.304920 
0.371335 -0.437206 -0.114726 -0.123320 -0.075522 -0.207539 0.313328 
0.381112 -0.448718 -0.117747 -0.126567 -0.077510 -0.213003 0.321577 
0.390689 -0.459994 -0.120706 -0.129748 -0.079458 -0.218356 0.329658 
0.400055 -0.471020 -0.123599 -0.132858 -0.081363 -0.223590 0.337561 
0.409197 -0.481784 -0.126424 -0.135894 -0.083222 -0.228699 0.345274 
0.418104 -0.492271 -0.129176 -0.138852 -0.085033 -0.233678 0.352790 
0.426765 -0.502469 -0.131852 -0.141728 -0.086795 -0.238519 0.360099 
0.435171 -0.512366 -0.134449 -0.144520 -0.088505 -0.243216 0.367191 
0.443311 -0.521949 -0.136964 -0.147223 -0.090160 -0.247766 0.374059 
0.451174 -0.531208 -0.139393 -0.149835 -0.091759 -0.252161 0.380695 
0.458753 -0.540131 -0.141735 -0.152352 -0.093301 -0.256396 0.387090 
0.466039 -0.548709 -0.143986 -0.154771 -0.094782 -0.260468 0.393237 
0.473022 -0.556931 -0.146143 -0.157090 -0.096203 -0.264371 0.399129 
0.479695 -0.564787 -0.148205 -0.159306 -0.097560 -0.268101 0.404760 
0.486050 -0.572270 -0.150168 -0.161417 -0.098852 -0.271653 0.410122 
0.492080 -0.579370 -0.152031 -0.163419 -0.100079 -0.275023 0.415211 
0.497779 -0.586080 -0.153792 -0.165312 -0.101238 -0.278208 0.420019 
0.503140 -0.592392 -0.155448 -0.167092 -0.102328 -0.281204 0.424543 
0.508157 -0.598299 -0.156998 -0.168758 -0.103348 -0.284008 0.428776 
0.512825 -0.603794 -0.158440 -0.170309 -0.104298 -0.286617 0.432714 
0.517138 -0.608872 -0.159773 -0.171741 -0.105175 -0.289027 0.436354 
0.521091 -0.613527 -0.160994 -0.173054 -0.105979 -0.291237 0.439690 
0.524681 -0.617754 -0.162104 -0.174246 -0.106709 -0.293244 0.442719 
0.527904 -0.621549 -0.163099 -0.175316 -0.107365 -0.295045 0.445438 
0.530756 -0.624906 -0.163980 -0.176264 -0.107945 -0.296639 0.447844 
0.533234 -0.627824 -0.164746 -0.177086 -0.108448 -0.298023 0.449935 
0.535335 -0.630297 -0.165395 -0.177784 -0.108876 -0.299198 0.451708 
0.537057 -0.632325 -0.165927 -0.178356 -0.109226 -0.300160 0.453161 
0.538398 -0.633904 -0.166341 -0.178801 -0.109499 -0.300910 0.454293 
0.539357 -0.635033 -0.166638 -0.179120 -0.109694 -0.301446 0.455102 
0.539933 -0.635711 -0.166816 -0.179311 -0.109811 -0.301768 0.455588 
0.540125 -0.635938 -0.166875 -0.179375 -0.109850 -0.301875 0.455750 
0.539933 -0.635711 -0.166816 -0.179311 -0.109811 -0.301768 0.455588 
0.539357 -0.635033 -0.166638 -0.179120 -0.109694 -0.301446 0.455102 
0.538398 -0.633904 -0.166341 -0.178801 -0.109499 -0.300910 0.454293 
0.537057 -0.632325 -0.165927 -0.178356 -0.109226 -0.300160 0.453161 
0.535335 -0.630297 -0.165395 -0.177784 -0.108876 -0.299198 0.451708 
0.533234 -0.627824 -0.164746 -0.177086 -0.108448 -0.298023 0.449935 
0.530756 -0.624906 -0.163980 -0.176264 -0.107945 -0.296639 0.447844 
0.527904 -0.621549 -0.163099 -0.175316 -0.107365 -0.295045 0.445438 
0.524681 -0.617754 -0.162104 -0.174246 -0.106709 -0.293244 0.442719 
0.521091 -0.613527 -0.160994 -0.173054 -0.105979 -0.291237 0.439690 
0.517138 -0.608872 -0.159773 -0.171741 -0.105175 -0.289027 0.436354 
0.512825 -0.603794 -0.158440 -0.170309 -0.104298 -0.286617 0.432714 
0.508157 -0.598299 -0.156998 -0.168758 -0.103348 -0.284008 0.428776 
0.503140 -0.592392 -0.155448 -0.167092 -0.102328 -0.281204 0.424543 
0.497779 -0.586080 -0.153792 -0.165312 -0.101238 -0.278208 0.420019 
0.492080 -0.579370 -0.152031 -0.163419 -0.100079 -0.275023 0.415211 
0.486050 -0.572270 -0.150168 -0.161417 -0.098852 -0.271653 0.410122 
0.479695 -0.564787 -0.148205 -0.159306 -0.097560 -0.268101 0.404760 
0.473022 -0.556931 -0.146143 -0.157090 -0.096203 -0.264371 0.399129 
0.466039 -0.548709 -0.143986 -0.154771 -0.094782 -0.260468 0.393237 
0.458753 -0.540131 -0.141735 -0.152352 -0.093301 -0.256396 0.387090 
0.451174 -0.531208 -0.139393 -0.149835 -0.091759 -0.252161 0.380695 
0.443311 -0.521949 -0.136964 -0.147223 -0.090160 -0.247766 0.374059 
0.435171 -0.512366 -0.134449 -0.144520 -0.088505 -0.243216 0.367191 
0.426765 -0.502469 -0.131852 -0.141728 -0.086795 -0.238519 0.360099 
0.418104 -0.492271 -0.129176 -0.138852 -0.085033 -0.233678 0.352790 
0.409197 -0.481784 -0.126424 -0.135894 -0.083222 -0.228699 0.345274 
0.400055 -0.471020 -0.123599 -0.132858 -0.081363 -0.223590 0.337561 
0.390689 -0.459994 -0.120706 -0.129748 -0.079458 -0.218356 0.329658 
0.381112 -0.448717 -0.117747 -0.126567 -0.077510 -0.213003 0.321577 
0.371335 -0.437206 -0.114726 -0.123320 -0.075522 -0.207539 0.313328 
0.361371 -0.425475 -0.111648 -0.120011 -0.073495 -0.201970 0.304920 
0.351233 -0.413538 -0.108516 -0.116644 -0.071433 -0.196304 0.296366 
0.340934 -0.401412 -0.105334 -0.113224 -0.069339 -0.190547 0.287675 
0.330487 -0.389112 -0.102106 -0.109754 -0.067214 -0.184709 0.278860 
0.319907 -0.376656 -0.098837 -0.106241 -0.065062 -0.178796 0.269934 
0.309209 -0.364060 -0.095532 -0.102688 -0.062887 -0.172817 0.260906 
0.298407 -0.351342 -0.092195 -0.099101 -0.060690 -0.166779 0.251792 
0.287517 -0.338520 -0.088830 -0.095484 -0.058475 -0.160693 0.242603 
0.276555 -0.325613 -0.085443 -0.091844 -0.056245 -0.154566 0.233353 
0.265536 -0.312639 -0.082039 -0.088184 -0.054004 -0.148408 0.224055 
0.254477 -0.299619 -0.078622 -0.084512 -0.051755 -0.142227 0.214724 
0.243396 -0.286572 -0.075199 -0.080832 -0.049502 -0.136034 0.205374 
0.232309 -0.273518 -0.071773 -0.077150 -0.047247 -0.129837 0.196019 
0.221235 -0.260480 -0.068352 -0.073472 -0.044995 -0.123648 0.186675 
0.210192 -0.247478 -0.064940 -0.069805 -0.042749 -0.117476 0.177357 
0.199198 -0.234534 -0.061543 -0.066153 -0.040513 -0.111331 0.168081 
0.188273 -0.221670 -0.058168 -0.062525 -0.038291 -0.105225 0.158862 
0.177435 -0.208910 -0.054820 -0.058926 -0.036087 -0.099168 0.149717 
0.166705 -0.196277 -0.051505 -0.055363 -0.033904 -0.093171 0.140664 
0.156104 -0.183795 -0.048229 -0.051842 -0.031748 -0.087246 0.131718 
0.145651 -0.171488 -0.045000 -0.048370 -0.029622 -0.081404 0.122898 
0.135368 -0.159380 -0.041823 -0.044955 -0.027531 -0.075657 0.114221 
0.125276 -0.147498 -0.038705 -0.041604 -0.025478 -0.070016 0.105706 
0.115397 -0.135868 -0.035653 -0.038323 -0.023469 -0.064495 0.097371 
0.105755 -0.124514 -0.032674 -0.035121 -0.021508 -0.059106 0.089234 
0.096370 -0.113465 -0.029774 -0.032004 -0.019600 -0.053861 0.081316 
0.087267 -0.102747 -0.026962 -0.028981 -0.017748 -0.048773 0.073635 
0.078469 -0.092389 -0.024244 -0.026060 -0.015959 -0.043856 0.066211 
0.070000 -0.082417 -0.021627 -0.023247 -0.014237 -0.039123 0.059065 
0.061885 -0.072862 -0.019120 -0.020552 -0.012586 -0.034587 0.052217 
0.054147 -0.063753 -0.016729 -0.017982 -0.011012 -0.030263 0.045689 
0.046813 -0.055118 -0.014463 -0.015547 -0.009521 -0.026164 0.039500 
0.039908 -0.046988 -0.012330 -0.013254 -0.008117 -0.022305 0.033674 
0.033458 -0.039394 -0.010337 -0.011112 -0.006805 -0.018700 0.028232 
0.027490 -0.032366 -0.008493 -0.009129 -0.005591 -0.015364 0.023196 
0.022030 -0.025937 -0.006806 -0.007316 -0.004480 -0.012312 0.018588 
0.017105 -0.020139 -0.005285 -0.005680 -0.003479 -0.009560 0.014433 
0.012743 -0.015004 -0.003937 -0.004232 -0.002592 -0.007122 0.010752 
0.008973 -0.010564 -0.002772 -0.002980 -0.001825 -0.005015 0.007571 
0.005822 -0.006855 -0.001799 -0.001933 -0.001184 -0.003254 0.004913 
0.003320 -0.003909 -0.001026 -0.001103 -0.000675 -0.001855 0.002801 
0.001496 -0.001761 -0.000462 -0.000497 -0.000304 -0.000836 0.001262 
0.000379 -0.000446 -0.000117 -0.000126 -0.000077 -0.000212 0.000320 
0.000000 0.000000 0.000000 0.000000 0.000000 0.000000 -0.000000 
0.000000 0.000000 0.000000 0.000000 0.000000 0.000000 0.000000 
-0.001780 0.001602 0.004226 0.002643 0.002153 -0.001453 -0.001899 
-0.006827 0.006142 0.016206 0.010135 0.008258 -0.005574 -0.007282 
-0.014714 0.013238 0.034929 0.021844 0.017798 -0.012014 -0.015695 
-0.025033 0.022521 0.059426 0.037163 0.030281 -0.020440 -0.026702 
-0.037395 0.033643 0.088773 0.055515 0.045234 -0.030533 -0.039889 
-0.051430 0.046269 0.122088 0.076349 0.062210 -0.041992 -0.054858 
-0.066783 0.060082 0.158536 0.099142 0.080783 -0.054528 -0.071236 
-0.083123 0.074782 0.197324 0.123399 0.100547 -0.067870 -0.088665 
-0.100133 0.090086 0.237705 0.148652 0.121124 -0.081758 -0.106809 
-0.117518 0.105725 0.278973 0.174459 0.142152 -0.095953 -0.125352 
-0.134998 0.121452 0.320469 0.200409 0.163296 -0.110225 -0.143998 
-0.152314 0.137030 0.361576 0.226116 0.184242 -0.124364 -0.162468 
-0.169225 0.152245 0.401721 0.251221 0.204699 -0.138172 -0.180507 
-0.185509 0.166895 0.440378 0.275395 0.224396 -0.151468 -0.197877 
-0.200962 0.180797 0.477061 0.298336 0.243088 -0.164085 -0.214360 
-0.215398 0.193784 0.511330 0.319766 0.260550 -0.175871 -0.229758 
-0.228650 0.205707 0.542789 0.339440 0.276580 -0.186692 -0.243894 
-0.240570 0.216431 0.571086 0.357135 0.290999 -0.196425 -0.256608 
-0.251029 0.225840 0.595913 0.372661 0.303650 -0.204964 -0.267764 
-0.259914 0.233833 0.617006 0.385852 0.314398 -0.212219 -0.277242 
-0.267134 0.240328 0.634144 0.396569 0.323131 -0.218113 -0.284942 
-0.272613 0.245258 0.647152 0.404704 0.329759 -0.222587 -0.290787 
-0.276297 0.248572 0.655897 0.410173 0.334215 -0.225595 -0.294717 
-0.278148 0.250238 0.660291 0.412921 0.336454 -0.227107 -0.296691 
-0.278148 0.250238 0.660291 0.412921 0.336454 -0.227107 -0.296691 
-0.276297 0.248572 0.655897 0.410173 0.334215 -0.225595 -0.294717 
-0.272613 0.245258 0.647152 0.404704 0.329759 -0.222587 -0.290787 
-0.267134 0.240328 0.634144 0.396569 0.323131 -0.218113 -0.284942 
-0.259914 0.233833 0.617006 0.385852 0.314398 -0.212219 -0.277242 
-0.251029 0.225840 0.595913 0.372661 0.303650 -0.204964 -0.267764 
-0.240570 0.216431 0.571086 0.357135 0.290999 -0.196425 -0.256608 
-0.228650 0.205707 0.542789 0.339440 0.276580 -0.186692 -0.243894 
-0.215398 0.193784 0.511330 0.319766 0.260550 -0.175871 -0.229758 
-0.200962 0.180797 0.477061 0.298336 0.243088 -0.164085 -0.214360 
-0.185509 0.166895 0.440378 0.275395 0.224396 -0.151468 -0.197877 
-0.169225 0.152245 0.401721 0.251221 0.204699 -0.138172 -0.180507 
-0.152314 0.137030 0.361576 0.226116 0.184242 -0.124364 -0.162468 
-0.134998 0.121452 0.320469 0.200409 0.163296 -0.110225 -0.143998 
-0.117518 0.105725 0.278973 0.174459 0.142152 -0.095953 -0.125352 
-0.100133 0.090086 0.237705 0.148652 0.121124 -0.081758 -0.106809 
-0.083123 0.074782 0.197324 0.123399 0.100547 -0.067870 -0.088665 
-0.066783 0.060082 0.158536 0.099142 0.080783 -0.054528 -0.071236 
-0.051430 0.046269 0.122088 0.076349 0.062210 -0.041992 -0.054858 
-0.037395 0.033643 0.088773 0.055515 0.045234 -0.030533 -0.039889 
-0.025033 0.022521 0.059426 0.037163 0.030281 -0.020440 -0.026702 
-0.014714 0.013238 0.034929 0.021844 0.017798 -0.012014 -0.015695 
-0.006827 0.006142 0.016206 0.010135 0.008258 -0.005574 -0.007282 
-0.001780 0.001602 0.004226 0.002643 0.002153 -0.001453 -0.001899 
0.000000 0.000000 -0.000000 -0.000000 -0.000000 -0.000000 0.000000 
0.000000 0.000000 0.000000 0.000000 0.000000 0.000000 0.000000 
0.000177 0.000401 -0.000101 0.000015 0.000123 0.000274 0.000172 
0.000697 0.001581 -0.000398 0.000058 0.000484 0.001081 0.000681 
0.001547 0.003508 -0.000882 0.000129 0.001073 0.002400 0.001511 
0.002712 0.006152 -0.001547 0.000226 0.001882 0.004208 0.002649 
0.004179 0.009480 -0.002384 0.000348 0.002900 0.006485 0.004082 
0.005935 0.013462 -0.003386 0.000495 0.004118 0.009210 0.005796 
0.007965 0.018068 -0.004545 0.000664 0.005527 0.012361 0.007780 
0.010258 0.023268 -0.005853 0.000855 0.007118 0.015918 0.010018 
0.012799 0.029032 -0.007302 0.001067 0.008882 0.019861 0.012500 
0.015576 0.035332 -0.008887 0.001298 0.010809 0.024171 0.015213 
0.018577 0.042139 -0.010599 0.001548 0.012891 0.028828 0.018144 
0.021789 0.049425 -0.012432 0.001816 0.015120 0.033812 0.021281 
0.025199 0.057162 -0.014378 0.002100 0.017487 0.039105 0.024612 
0.028797 0.065323 -0.016431 0.002400 0.019984 0.044688 0.028126 
0.032570 0.073881 -0.018583 0.002715 0.022602 0.050543 0.031811 
0.036507 0.082811 -0.020829 0.003043 0.025334 0.056651 0.035656 
0.040595 0.092085 -0.023162 0.003384 0.028171 0.062996 0.039649 
0.044824 0.101679 -0.025575 0.003736 0.031106 0.069559 0.043780 
0.049184 0.111567 -0.028062 0.004100 0.034131 0.076324 0.048037 
0.053662 0.121726 -0.030617 0.004473 0.037238 0.083273 0.052411 
0.058249 0.132130 -0.033234 0.004855 0.040421 0.090391 0.056891 
0.062933 0.142756 -0.035907 0.005246 0.043672 0.097660 0.061466 
0.067705 0.153582 -0.038630 0.005644 0.046984 0.105066 0.066127 
0.072555 0.164583 -0.041397 0.006048 0.050349 0.112592 0.070864 
0.077473 0.175738 -0.044203 0.006458 0.053762 0.120224 0.075667 
0.082449 0.187025 -0.047042 0.006872 0.057215 0.127945 0.080527 
0.087473 0.198422 -0.049909 0.007291 0.060701 0.135742 0.085434 
0.092537 0.209908 -0.052798 0.007713 0.064215 0.143599 0.090380 
0.097631 0.221463 -0.055704 0.008138 0.067750 0.151504 0.095355 
0.102746 0.233066 -0.058623 0.008564 0.071300 0.159442 0.100351 
0.107873 0.244698 -0.061548 0.008992 0.074858 0.167399 0.105359 
0.113005 0.256339 -0.064476 0.009419 0.078419 0.175363 0.110371 
0.118133 0.267970 -0.067402 0.009847 0.081978 0.183320 0.115379 
0.123248 0.279574 -0.070320 0.010273 0.085527 0.191258 0.120375 
0.128343 0.291131 -0.073227 0.010698 0.089063 0.199164 0.125352 
0.133410 0.302625 -0.076118 0.011120 0.092579 0.207027 0.130301 
0.138442 0.314038 -0.078989 0.011540 0.096071 0.214835 0.135215 
0.143430 0.325354 -0.081835 0.011956 0.099533 0.222576 0.140087 
0.148368 0.336556 -0.084653 0.012367 0.102960 0.230240 0.144910 
0.153250 0.347629 -0.087438 0.012774 0.106347 0.237815 0.149678 
0.158067 0.358557 -0.090187 0.013176 0.109690 0.245291 0.154383 
0.162815 0.369325 -0.092895 0.013571 0.112984 0.252657 0.159020 
0.167485 0.379920 -0.095560 0.013961 0.116225 0.259905 0.163581 
0.172072 0.390326 -0.098178 0.014343 0.119409 0.267024 0.168062 
0.176571 0.400530 -0.100744 0.014718 0.122530 0.274005 0.172455 
0.180974 0.410519 -0.103257 0.015085 0.125586 0.280838 0.176756 
0.185278 0.420280 -0.105712 0.015444 0.128572 0.287516 0.180959 
0.189475 0.429802 -0.108107 0.015794 0.131485 0.294030 0.185059 
0.193562 0.439071 -0.110438 0.016134 0.134321 0.300371 0.189050 
0.197532 0.448078 -0.112704 0.016465 0.137076 0.306532 0.192928 
0.201381 0.456810 -0.114900 0.016786 0.139748 0.312506 0.196688 
0.205105 0.465257 -0.117025 0.017096 0.142332 0.318285 0.200325 
0.208699 0.473410 -0.119076 0.017396 0.144826 0.323862 0.203835 
0.212159 0.481258 -0.121050 0.017684 0.147227 0.329231 0.207214 
0.215481 0.488792 -0.122945 0.017961 0.149532 0.334385 0.210458 
0.218660 0.496004 -0.124759 0.018226 0.151738 0.339319 0.213563 
0.221693 0.502885 -0.126489 0.018479 0.153843 0.344026 0.216526 
0.224577 0.509427 -0.128135 0.018720 0.155844 0.348502 0.219343 
0.227309 0.515623 -0.129693 0.018947 0.157740 0.352740 0.222010 
0.229884 0.521465 -0.131163 0.019162 0.159527 0.356737 0.224526 
0.232302 0.526948 -0.132542 0.019363 0.161204 0.360488 0.226887 
0.234557 0.532065 -0.133829 0.019551 0.162770 0.363989 0.229090 
0.236649 0.536811 -0.135023 0.019726 0.164221 0.367235 0.231133 
0.238575 0.541179 -0.136121 0.019886 0.165558 0.370223 0.233014 
0.240332 0.545165 -0.137124 0.020033 0.166777 0.372951 0.234731 
0.241920 0.548766 -0.138030 0.020165 0.167879 0.375414 0.236281 
0.243335 0.551976 -0.138837 0.020283 0.168861 0.377610 0.237663 
0.244577 0.554793 -0.139546 0.020387 0.169723 0.379537 0.238876 
0.245643 0.557213 -0.140154 0.020475 0.170463 0.381192 0.239918 
0.246534 0.559234 -0.140663 0.020550 0.171081 0.382575 0.240788 
0.247248 0.560853 -0.141070 0.020609 0.171577 0.383682 0.241485 
0.247784 0.562069 -0.141376 0.020654 0.171949 0.384514 0.242009 
0.248142 0.562880 -0.141580 0.020684 0.172197 0.385069 0.242358 
0.248321 0.563286 -0.141682 0.020699 0.172321 0.385347 0.242533 
0.248321 0.563286 -0.141682 0.020699 0.172321 0.385347 0.242533 
0.248142 0.562880 -0.141580 0.020684 0.172197 0.385069 0.242358 
0.247784 0.562069 -0.141376 0.020654 0.171949 0.384514 0.242009 
0.247248 0.560853 -0.141070 0.020609 0.171577 0.383682 0.241485 
0.246534 0.559234 -0.140663 0.020550 0.171081 0.382575 0.240788 
0.245643 0.557213 -0.140154 0.020475 0.170463 0.381192 0.239918 
0.244577 0.554793 -0.139546 0.020387 0.169723 0.379537 0.238876 
0.243335 0.551976 -0.138837 0.020283 0.168861 0.377610 0.237663 
0.241920 0.548766 -0.138030 0.020165 0.167879 0.375414 0.236281 
0.240332 0.545165 -0.137124 0.020033 0.166777 0.372951 0.234731 
0.238575 0.541179 -0.136121 0.019886 0.165558 0.370223 0.233014 
0.236649 0.536811 -0.135023 0.019726 0.164221 0.367235 0.231133 
0.234557 0.532065 -0.133829 0.019551 0.162770 0.363989 0.229090 
0.232302 0.526948 -0.132542 0.019363 0.161204 0.360488 0.226887 
0.229884 0.521465 -0.131163 0.019162 0.159527 0.356737 0.224526 
0.227309 0.515623 -0.129693 0.018947 0.157740 0.352740 0.222010 
0.224577 0.509427 -0.128135 0.018720 0.155844 0.348502 0.219343 
0.221693 0.502885 -0.126489 0.018479 0.153843 0.344026 0.216526 
0.218660 0.496004 -0.124759 0.018226 0.151738 0.339319 0.213563 
0.215481 0.488792 -0.122945 0.017961 0.149532 0.334385 0.210458 
0.212159 0.481258 -0.121050 0.017684 0.147227 0.329231 0.207214 
0.208699 0.473410 -0.119076 0.017396 0.144826 0.323862 0.203835 
0.205105 0.465257 -0.117025 0.017096 0.142332 0.318285 0.200325 
0.201381 0.456810 -0.114900 0.016786 0.139748 0.312506 0.196688 
0.197532 0.448078 -0.112704 0.016465 0.137076 0.306532 0.192928 
0.193562 0.439071 -0.110438 0.016134 0.134321 0.300371 0.189050 
0.189475 0.429802 -0.108107 0.015794 0.131485 0.294030 0.185059 
0.185278 0.420280 -0.105712 0.015444 0.128572 0.287516 0.180959 
0.180974 0.410519 -0.103257 0.015085 0.125586 0.280838 0.176756 
0.176571 0.400530 -0.100744 0.014718 0.122530 0.274005 0.172455 
0.172072 0.390326 -0.098178 0.014343 0.119409 0.267024 0.168062 
0.167485 0.379920 -0.095560 0.013961 0.116225 0.259905 0.163581 
0.162815 0.369325 -0.092895 0.013571 0.112984 0.252657 0.159020 
0.158067 0.358557 -0.090187 0.013176 0.109690 0.245291 0.154383 
0.153250 0.347629 -0.087438 0.012774 0.106347 0.237815 0.149678 
0.148368 0.336556 -0.084653 0.012367 0.102960 0.230240 0.144910 
0.143430 0.325354 -0.081835 0.011956 0.099533 0.222576 0.140087 
0.138442 0.314038 -0.078989 0.011540 0.096071 0.214835 0.135215 
0.133410 0.302625 -0.076118 0.011120 0.092579 0.207027 0.130301 
0.128343 0.291131 -0.073227 0.010698 0.089063 0.199164 0.125352 
0.123248 0.279574 -0.070320 0.010273 0.085527 0.191258 0.120375 
0.118133 0.267970 -0.067402 0.009847 0.081978 0.183320 0.115379 
0.113005 0.256339 -0.064476 0.009419 0.078419 0.175363 0.110371 
0.107873 0.244698 -0.061548 0.008992 0.074858 0.167399 0.105359 
0.102746 0.233066 -0.058623 0.008564 0.071300 0.159442 0.100351 
0.097631 0.221463 -0.055704 0.008138 0.067750 0.151504 0.095355 
0.092537 0.209908 -0.052798 0.007713 0.064215 0.143599 0.090380 
0.087473 0.198422 -0.049909 0.007291 0.060701 0.135742 0.085434 
0.082449 0.187025 -0.047042 0.006872 0.057215 0.127945 0.080527 
0.077473 0.175738 -0.044203 0.006458 0.053762 0.120224 0.075667 
0.072555 0.164583 -0.041397 0.006048 0.050349 0.112592 0.070864 
0.067705 0.153582 -0.038630 0.005644 0.046984 0.105066 0.066127 
0.062933 0.142756 -0.035907 0.005246 0.043672 0.097660 0.061466 
0.058249 0.132130 -0.033234 0.004855 0.040421 0.090391 0.056891 
0.053662 0.121726 -0.030617 0.004473 0.037238 0.083273 0.052411 
0.049184 0.111567 -0.028062 0.004100 0.034131 0.076324 0.048037 
0.044824 0.101679 -0.025575 0.003736 0.031106 0.069559 0.043780 
0.040595 0.092085 -0.023162 0.003384 0.028171 0.062996 0.039649 
0.036507 0.082811 -0.020829 0.003043 0.025334 0.056651 0.035656 
0.032570 0.073881 -0.018583 0.002715 0.022602 0.050543 0.031811 
0.028797 0.065323 -0.016431 0.002400 0.019984 0.044688 0.028126 
0.025199 0.057162 -0.014378 0.002100 0.017487 0.039105 0.024612 
0.021789 0.049425 -0.012432 0.001816 0.015120 0.033812 0.021281 
0.018577 0.042139 -0.010599 0.001548 0.012891 0.028828 0.018144 
0.015576 0.035332 -0.008887 0.001298 0.010809 0.024171 0.015213 
0.012799 0.029032 -0.007302 0.001067 0.008882 0.019861 0.012500 
0.010258 0.023268 -0.005853 0.000855 0.007118 0.015918 0.010018 
0.007965 0.018068 -0.004545 0.000664 0.005527 0.012361 0.007780 
0.005935 0.013462 -0.003386 0.000495 0.004118 0.009210 0.005796 
0.004179 0.009480 -0.002384 0.000348 0.002900 0.006485 0.004082 
0.002712 0.006152 -0.001547 0.000226 0.001882 0.004208 0.002649 
0.001547 0.003508 -0.000882 0.000129 0.001073 0.002400 0.001511 
0.000697 0.001581 -0.000398 0.000058 0.000484 0.001081 0.000681 
0.000177 0.000401 -0.000101 0.000015 0.000123 0.000274 0.000172 
0.000000 0.000000 -0.000000 0.000000 0.000000 0.000000 -0.000000 
0.000000 0.000000 0.000000 0.000000 0.000000 0.000000 0.000000 
-0.001442 -0.000275 -0.000169 -0.000436 0.000016 0.000150 -0.003726 
-0.005650 -0.001077 -0.000661 -0.001709 0.000062 0.000588 -0.014600 
-0.012451 -0.002374 -0.001458 -0.003767 0.000136 0.001295 -0.032177 
-0.021676 -0.004132 -0.002538 -0.006557 0.000237 0.002255 -0.056018 
-0.033160 -0.006321 -0.003882 -0.010031 0.000363 0.003449 -0.085695 
-0.046739 -0.008910 -0.005472 -0.014139 0.000512 0.004862 -0.120790 
-0.062257 -0.011869 -0.007289 -0.018833 0.000682 0.006476 -0.160892 
-0.079557 -0.015167 -0.009314 -0.024067 0.000871 0.008276 -0.205601 
-0.098488 -0.018776 -0.011531 -0.029794 0.001078 0.010245 -0.254526 
-0.118904 -0.022668 -0.013921 -0.035970 0.001302 0.012369 -0.307286 
-0.140659 -0.026815 -0.016468 -0.042551 0.001540 0.014632 -0.363507 
-0.163612 -0.031191 -0.019155 -0.049495 0.001791 0.017020 -0.422827 
-0.187629 -0.035769 -0.021967 -0.056760 0.002054 0.019518 -0.484893 
-0.212574 -0.040525 -0.024887 -0.064306 0.002327 0.022113 -0.549359 
-0.238318 -0.045432 -0.027901 -0.072094 0.002609 0.024791 -0.615890 
-0.264735 -0.050469 -0.030994 -0.080085 0.002899 0.027539 -0.684161 
-0.291703 -0.055610 -0.034151 -0.088243 0.003194 0.030344 -0.753855 
-0.319103 -0.060833 -0.037359 -0.096532 0.003494 0.033194 -0.824664 
-0.346819 -0.066117 -0.040604 -0.104917 0.003797 0.036078 -0.896292 
-0.374740 -0.071440 -0.043873 -0.113363 0.004103 0.038982 -0.968448 
-0.402757 -0.076781 -0.047153 -0.121839 0.004410 0.041897 -1.040854 
-0.430767 -0.082120 -0.050432 -0.130312 0.004716 0.044810 -1.113240 
-0.458668 -0.087439 -0.053698 -0.138752 0.005022 0.047713 -1.185346 
-0.486363 -0.092719 -0.056941 -0.147130 0.005325 0.050594 -1.256919 
-0.513758 -0.097942 -0.060148 -0.155418 0.005625 0.053443 -1.327717 
-0.540764 -0.103090 -0.063310 -0.163587 0.005921 0.056253 -1.397509 
-0.567294 -0.108148 -0.066416 -0.171613 0.006211 0.059012 -1.466070 
-0.593264 -0.113099 -0.069456 -0.179469 0.006496 0.061714 -1.533186 
-0.618596 -0.117928 -0.072422 -0.187132 0.006773 0.064349 -1.598653 
-0.643215 -0.122621 -0.075304 -0.194580 0.007042 0.066910 -1.662275 
-0.667047 -0.127164 -0.078094 -0.201789 0.007303 0.069389 -1.723865 
-0.690025 -0.131545 -0.080784 -0.208740 0.007555 0.071779 -1.783248 
-0.712084 -0.135750 -0.083367 -0.215413 0.007796 0.074074 -1.840254 
-0.733162 -0.139768 -0.085835 -0.221790 0.008027 0.076267 -1.894727 
-0.753202 -0.143589 -0.088181 -0.227852 0.008247 0.078351 -1.946517 
-0.772150 -0.147201 -0.090399 -0.233584 0.008454 0.080322 -1.995484 
-0.789955 -0.150595 -0.092484 -0.238970 0.008649 0.082175 -2.041498 
-0.806570 -0.153763 -0.094429 -0.243997 0.008831 0.083903 -2.084438 
-0.821953 -0.156695 -0.096230 -0.248650 0.008999 0.085503 -2.124192 
-0.836064 -0.159385 -0.097882 -0.252919 0.009154 0.086971 -2.160658 
-0.848866 -0.161826 -0.099381 -0.256792 0.009294 0.088303 -2.193743 
-0.860327 -0.164011 -0.100723 -0.260259 0.009420 0.089495 -2.223363 
-0.870419 -0.165935 -0.101904 -0.263312 0.009530 0.090545 -2.249443 
-0.879116 -0.167593 -0.102922 -0.265942 0.009625 0.091449 -2.271919 
-0.886396 -0.168981 -0.103775 -0.268145 0.009705 0.092207 -2.290734 
-0.892242 -0.170095 -0.104459 -0.269913 0.009769 0.092815 -2.305842 
-0.896639 -0.170933 -0.104974 -0.271244 0.009817 0.093272 -2.317205 
-0.899577 -0.171493 -0.105318 -0.272132 0.009849 0.093578 -2.324796 
-0.901047 -0.171774 -0.105490 -0.272577 0.009865 0.093731 -2.328597 
-0.901047 -0.171774 -0.105490 -0.272577 0.009865 0.093731 -2.328597 
-0.899577 -0.171493 -0.105318 -0.272132 0.009849 0.093578 -2.324796 
-0.896639 -0.170933 -0.104974 -0.271244 0.009817 0.093272 -2.317205 
-0.892242 -0.170095 -0.104459 -0.269913 0.009769 0.092815 -2.305842 
-0.886396 -0.168981 -0.103775 -0.268145 0.009705 0.092207 -2.290734 
-0.879116 -0.167593 -0.102922 -0.265942 0.009625 0.091449 -2.271919 
-0.870419 -0.165935 -0.101904 -0.263312 0.009530 0.090545 -2.249443 
-0.860327 -0.164011 -0.100723 -0.260259 0.009420 0.089495 -2.223363 
-0.848866 -0.161826 -0.099381 -0.256792 0.009294 0.088303 -2.193743 
-0.836064 -0.159385 -0.097882 -0.252919 0.009154 0.086971 -2.160658 
-0.821953 -0.156695 -0.096230 -0.248650 0.008999 0.085503 -2.124192 
-0.806570 -0.153763 -0.094429 -0.243997 0.008831 0.083903 -2.084438 
-0.789955 -0.150595 -0.092484 -0.238970 0.008649 0.082175 -2.041498 
-0.772150 -0.147201 -0.090399 -0.233584 0.008454 0.080322 -1.995484 
-0.753202 -0.143589 -0.088181 -0.227852 0.008247 0.078351 -1.946517 
-0.733162 -0.139768 -0.085835 -0.221790 0.008027 0.076267 -1.894727 
-0.712084 -0.135750 -0.083367 -0.215413 0.007796 0.074074 -1.840254 
-0.690025 -0.131545 -0.080784 -0.208740 0.007555 0.071779 -1.783248 
-0.667047 -0.127164 -0.078094 -0.201789 0.007303 0.069389 -1.723865 
-0.643215 -0.122621 -0.075304 -0.194580 0.007042 0.066910 -1.662275 
-0.618596 -0.117928 -0.072422 -0.187132 0.006773 0.064349 -1.598653 
-0.593264 -0.113099 -0.069456 -0.179469 0.006496 0.061714 -1.533186 
-0.567294 -0.108148 -0.066416 -0.171613 0.006211 0.059012 -1.466070 
-0.540764 -0.103090 -0.063310 -0.163587 0.005921 0.056253 -1.397509 
-0.513758 -0.097942 -0.060148 -0.155418 0.005625 0.053443 -1.327717 
-0.486363 -0.092719 -0.056941 -0.147130 0.005325 0.050594 -1.256919 
-0.458668 -0.087439 -0.053698 -0.138752 0.005022 0.047713 -1.185346 
-0.430767 -0.082120 -0.050432 -0.130312 0.004716 0.044810 -1.113240 
-0.402757 -0.076781 -0.047153 -0.121839 0.004410 0.041897 -1.040854 
-0.374740 -0.071440 -0.043873 -0.113363 0.004103 0.038982 -0.968448 
-0.346819 -0.066117 -0.040604 -0.104917 0.003797 0.036078 -0.896292 
-0.319103 -0.060833 -0.037359 -0.096532 0.003494 0.033194 -0.824664 
-0.291703 -0.055610 -0.034151 -0.088243 0.003194 0.030344 -0.753855 
-0.264735 -0.050469 -0.030994 -0.080085 0.002899 0.027539 -0.684161 
-0.238318 -0.045432 -0.027901 -0.072094 0.002609 0.024791 -0.615890 
-0.212574 -0.040525 -0.024887 -0.064306 0.002327 0.022113 -0.549359 
-0.187629 -0.035769 -0.021967 -0.056760 0.002054 0.019518 -0.484893 
-0.163612 -0.031191 -0.019155 -0.049495 0.001791 0.017020 -0.422827 
-0.140659 -0.026815 -0.016468 -0.042551 0.001540 0.014632 -0.363507 
-0.118904 -0.022668 -0.013921 -0.035970 0.001302 0.012369 -0.307286 
-0.098488 -0.018776 -0.011531 -0.029794 0.001078 0.010245 -0.254526 
-0.079557 -0.015167 -0.009314 -0.024067 0.000871 0.008276 -0.205601 
-0.062257 -0.011869 -0.007289 -0.018833 0.000682 0.006476 -0.160892 
-0.046739 -0.008910 -0.005472 -0.014139 0.000512 0.004862 -0.120790 
-0.033160 -0.006321 -0.003882 -0.010031 0.000363 0.003449 -0.085695 
-0.021676 -0.004132 -0.002538 -0.006557 0.000237 0.002255 -0.056018 
-0.012451 -0.002374 -0.001458 -0.003767 0.000136 0.001295 -0.032177 
-0.005650 -0.001077 -0.000661 -0.001709 0.000062 0.000588 -0.014600 
-0.001442 -0.000275 -0.000169 -0.000436 0.000016 0.000150 -0.003726 
0.000000 0.000000 0.000000 0.000000 -0.000000 -0.000000 -0.000000 
0.000000 0.000000 0.000000 0.000000 0.000000 0.000000 0.000000 
0.001442 0.000275 0.000169 0.000436 -0.000016 -0.000150 0.003726 
0.005650 0.001077 0.000661 0.001709 -0.000062 -0.000588 0.014600 
0.012451 0.002374 0.001458 0.003767 -0.000136 -0.001295 0.032177 
0.021676 0.004132 0.002538 0.006557 -0.000237 -0.002255 0.056018 
0.033160 0.006321 0.003882 0.010031 -0.000363 -0.003449 0.085695 
0.046739 0.008910 0.005472 0.014139 -0.000512 -0.004862 0.120790 
0.062257 0.011869 0.007289 0.018833 -0.000682 -0.006476 0.160892 
0.079557 0.015167 0.009314 0.024067 -0.000871 -0.008276 0.205601 
0.098488 0.018776 0.011531 0.029794 -0.001078 -0.010245 0.254526 
0.118904 0.022668 0.013921 0.035970 -0.001302 -0.012369 0.307286 
0.140659 0.026815 0.016468 0.042551 -0.001540 -0.014632 0.363507 
0.163612 0.031191 0.019155 0.049495 -0.001791 -0.017020 0.422827 
0.187629 0.035769 0.021967 0.056760 -0.002054 -0.019518 0.484893 
0.212574 0.040525 0.024887 0.064306 -0.002327 -0.022113 0.549359 
0.238318 0.045432 0.027901 0.072094 -0.002609 -0.024791 0.615890 
0.264735 0.050469 0.030994 0.080085 -0.002899 -0.027539 0.684161 
0.291703 0.055610 0.034151 0.088243 -0.003194 -0.030344 0.753855 
0.319103 0.060833 0.037359 0.096532 -0.003494 -0.033194 0.824664 
0.346819 0.066117 0.040604 0.104917 -0.003797 -0.036078 0.896292 
0.374740 0.071440 0.043873 0.113363 -0.004103 -0.038982 0.968448 
0.402757 0.076781 0.047153 0.121839 -0.004410 -0.041897 1.040854 
0.430767 0.082120 0.050432 0.130312 -0.004716 -0.044810 1.113240 
0.458668 0.087439 0.053698 0.138752 -0.005022 -0.047713 1.185346 
0.486363 0.092719 0.056941 0.147130 -0.005325 -0.050594 1.256919 
0.513758 0.097942 0.060148 0.155418 -0.005625 -0.053443 1.327717 
0.540764 0.103090 0.063310 0.163587 -0.005921 -0.056253 1.397509 
0.567294 0.108148 0.066416 0.171613 -0.006211 -0.059012 1.466070 
0.593264 0.113099 0.069456 0.179469 -0.006496 -0.061714 1.533186 
0.618596 0.117928 0.072422 0.187132 -0.006773 -0.064349 1.598653 
0.643215 0.122621 0.075304 0.194580 -0.007042 -0.066910 1.662275 
0.667047 0.127164 0.078094 0.201789 -0.007303 -0.069389 1.723865 
0.690025 0.131545 0.080784 0.208740 -0.007555 -0.071779 1.783248 
0.712084 0.135750 0.083367 0.215413 -0.007796 -0.074074 1.840254 
0.733162 0.139768 0.085835 0.221790 -0.008027 -0.076267 1.894727 
0.753202 0.143589 0.088181 0.227852 -0.008247 -0.078351 1.946517 
0.772150 0.147201 0.090399 0.233584 -0.008454 -0.080322 1.995484 
0.789955 0.150595 0.092484 0.238970 -0.008649 -0.082175 2.041498 
0.806570 0.153763 0.094429 0.243997 -0.008831 -0.083903 2.084438 
0.821953 0.156695 0.096230 0.248650 -0.008999 -0.085503 2.124192 
0.836064 0.159385 0.097882 0.252919 -0.009154 -0.086971 2.160658 
0.848866 0.161826 0.099381 0.256792 -0.009294 -0.088303 2.193743 
0.860327 0.164011 0.100723 0.260259 -0.009420 -0.089495 2.223363 
0.870419 0.165935 0.101904 0.263312 -0.009530 -0.090545 2.249443 
0.879116 0.167593 0.102922 0.265942 -0.009625 -0.091449 2.271919 
0.886396 0.168981 0.103775 0.268145 -0.009705 -0.092207 2.290734 
0.892242 0.170095 0.104459 0.269913 -0.009769 -0.092815 2.305842 
0.896639 0.170933 0.104974 0.271244 -0.009817 -0.093272 2.317205 
0.899577 0.171493 0.105318 0.272132 -0.009849 -0.093578 2.324796 
0.901047 0.171774 0.105490 0.272577 -0.009865 -0.093731 2.328597 
0.901047 0.171774 0.105490 0.272577 -0.009865 -0.093731 2.328597 
0.899577 0.171493 0.105318 0.272132 -0.009849 -0.093578 2.324796 
0.896639 0.170933 0.104974 0.271244 -0.009817 -0.093272 2.317205 
0.892242 0.170095 0.104459 0.269913 -0.009769 -0.092815 2.305842 
0.886396 0.168981 0.103775 0.268145 -0.009705 -0.092207 2.290734 
0.879116 0.167593 0.102922 0.265942 -0.009625 -0.091449 2.271919 
0.870419 0.165935 0.101904 0.263312 -0.009530 -0.090545 2.249443 
0.860327 0.164011 0.100723 0.260259 -0.009420 -0.089495 2.223363 
0.848866 0.161826 0.099381 0.256792 -0.009294 -0.088303 2.193743 
0.836064 0.159385 0.097882 0.252919 -0.009154 -0.086971 2.160658 
0.821953 0.156695 0.096230 0.248650 -0.008999 -0.085503 2.124192 
0.806570 0.153763 0.094429 0.243997 -0.008831 -0.083903 2.084438 
0.789955 0.150595 0.092484 0.238970 -0.008649 -0.082175 2.041498 
0.772150 0.147201 0.090399 0.233584 -0.008454 -0.080322 1.995484 
0.753202 0.143589 0.088181 0.227852 -0.008247 -0.078351 1.946517 
0.733162 0.139768 0.085835 0.221790 -0.008027 -0.076267 1.894727 
0.712084 0.135750 0.083367 0.215413 -0.007796 -0.074074 1.840254 
0.690025 0.131545 0.080784 0.208740 -0.007555 -0.071779 1.783248 
0.667047 0.127164 0.078094 0.201789 -0.007303 -0.069389 1.723865 
0.643215 0.122621 0.075304 0.194580 -0.007042 -0.066910 1.662275 
0.618596 0.117928 0.072422 0.187132 -0.006773 -0.064349 1.598653 
0.593264 0.113099 0.069456 0.179469 -0.006496 -0.061714 1.533186 
0.567294 0.108148 0.066416 0.171613 -0.006211 -0.059012 1.466070 
0.540764 0.103090 0.063310 0.163587 -0.005921 -0.056253 1.397509 
0.513758 0.097942 0.060148 0.155418 -0.005625 -0.053443 1.327717 
0.486363 0.092719 0.056941 0.147130 -0.005325 -0.050594 1.256919 
0.458668 0.087439 0.053698 0.138752 -0.005022 -0.047713 1.185346 
0.430767 0.082120 0.050432 0.130312 -0.004716 -0.044810 1.113240 
0.402757 0.076781 0.047153 0.121839 -0.004410 -0.041897 1.040854 
0.374740 0.071440 0.043873 0.113363 -0.004103 -0.038982 0.968448 
0.346819 0.066117 0.040604 0.104917 -0.003797 -0.036078 0.896292 
0.319103 0.060833 0.037359 0.096532 -0.003494 -0.033194 0.824664 
0.291703 0.055610 0.034151 0.088243 -0.003194 -0.030344 0.753855 
0.264735 0.050469 0.030994 0.080085 -0.002899 -0.027539 0.684161 
0.238318 0.045432 0.027901 0.072094 -0.002609 -0.024791 0.615890 
0.212574 0.040525 0.024887 0.064306 -0.002327 -0.022113 0.549359 
0.187629 0.035769 0.021967 0.056760 -0.002054 -0.019518 0.484893 
0.163612 0.031191 0.019155 0.049495 -0.001791 -0.017020 0.422827 
0.140659 0.026815 0.016468 0.042551 -0.001540 -0.014632 0.363507 
0.118904 0.022668 0.013921 0.035970 -0.001302 -0.012369 0.307286 
0.098488 0.018776 0.011531 0.029794 -0.001078 -0.010245 0.254526 
0.079557 0.015167 0.009314 0.024067 -0.000871 -0.008276 0.205601 
0.062257 0.011869 0.007289 0.018833 -0.000682 -0.006476 0.160892 
0.046739 0.008910 0.005472 0.014139 -0.000512 -0.004862 0.120790 
0.033160 0.006321 0.003882 0.010031 -0.000363 -0.003449 0.085695 
0.021676 0.004132 0.002538 0.006557 -0.000237 -0.002255 0.056018 
0.012451 0.002374 0.001458 0.003767 -0.000136 -0.001295 0.032177 
0.005650 0.001077 0.000661 0.001709 -0.000062 -0.000588 0.014600 
0.001442 0.000275 0.000169 0.000436 -0.000016 -0.000150 0.003726 
-0.000000 -0.000000 -0.000000 -0.000000 0.000000 0.000000 0.000000 
