0.000000 0.000000 0.000000 0.000000 0.000000 0.000000 0.000000 
0.037644 -0.044322 -0.011630 -0.012502 -0.007656 -0.021039 0.031764 
0.073772 -0.086859 -0.022792 -0.024500 -0.015004 -0.041231 0.062248 
0.108405 -0.127635 -0.033492 -0.036001 -0.022047 -0.060588 0.091471 
0.141563 -0.166675 -0.043737 -0.047013 -0.028791 -0.079119 0.119449 
0.173267 -0.204002 -0.053532 -0.057542 -0.035239 -0.096839 0.146200 
0.203536 -0.239642 -0.062884 -0.067594 -0.041395 -0.113756 0.171741 
0.232393 -0.273617 -0.071799 -0.077177 -0.047264 -0.129884 0.196090 
0.259856 -0.305951 -0.080284 -0.086298 -0.052849 -0.145233 0.219263 
0.285946 -0.336670 -0.088345 -0.094963 -0.058155 -0.159815 0.241278 
0.310685 -0.365798 -0.095988 -0.103178 -0.063187 -0.173641 0.262152 
0.334092 -0.393357 -0.103220 -0.110952 -0.067947 -0.186724 0.281903 
0.356189 -0.419373 -0.110047 -0.118290 -0.072441 -0.199073 0.300547 
0.376994 -0.443869 -0.116475 -0.125199 -0.076673 -0.210702 0.318103 
0.396530 -0.466870 -0.122510 -0.131687 -0.080646 -0.221620 0.334586 
0.414816 -0.488400 -0.128160 -0.137760 -0.084365 -0.231840 0.350016 
0.431873 -0.508483 -0.133430 -0.143425 -0.087834 -0.241373 0.364408 
0.447721 -0.527142 -0.138326 -0.148688 -0.091057 -0.250231 0.377781 
0.462382 -0.544403 -0.142856 -0.153556 -0.094039 -0.258424 0.390151 
0.475874 -0.560289 -0.147024 -0.158037 -0.096783 -0.265965 0.401536 
0.488220 -0.574825 -0.150839 -0.162137 -0.099294 -0.272865 0.411953 
0.499438 -0.588034 -0.154305 -0.165863 -0.101575 -0.279135 0.421419 
0.509551 -0.599940 -0.157429 -0.169221 -0.103632 -0.284787 0.429952 
0.518578 -0.610568 -0.160218 -0.172219 -0.105468 -0.289832 0.437569 
0.526540 -0.619942 -0.162678 -0.174863 -0.107087 -0.294282 0.444287 
0.533457 -0.628086 -0.164815 -0.177160 -0.108494 -0.298148 0.450123 
0.539350 -0.635025 -0.166635 -0.179117 -0.109692 -0.301442 0.455096 
0.544239 -0.640781 -0.168146 -0.180741 -0.110687 -0.304174 0.459221 
0.548144 -0.645379 -0.169353 -0.182038 -0.111481 -0.306357 0.462517 
0.551087 -0.648844 -0.170262 -0.183016 -0.112080 -0.308002 0.465000 
0.553088 -0.651200 -0.170880 -0.183680 -0.112486 -0.309120 0.466688 
0.554167 -0.652470 -0.171213 -0.184038 -0.112706 -0.309723 0.467598 
0.554344 -0.652679 -0.171268 -0.184097 -0.112742 -0.309822 0.467748 
0.553641 -0.651851 -0.171051 -0.183864 -0.112599 -0.309429 0.467155 
0.552077 -0.650010 -0.170568 -0.183344 -0.112281 -0.308555 0.465835 
0.549674 -0.647180 -0.169825 -0.182546 -0.111792 -0.307212 0.463807 
0.546451 -0.643386 -0.168829 -0.181476 -0.111137 -0.305411 0.461088 
0.542429 -0.638650 -0.167587 -0.180140 -0.110319 -0.303163 0.457694 
0.537629 -0.632999 -0.166104 -0.178546 -0.109342 -0.300480 0.453644 
0.532071 -0.626454 -0.164387 -0.176700 -0.108212 -0.297373 0.448954 
0.525775 -0.619042 -0.162441 -0.174609 -0.106932 -0.293855 0.443642 
0.518762 -0.610785 -0.160275 -0.172281 -0.105505 -0.289935 0.437725 
0.511053 -0.601709 -0.157893 -0.169720 -0.103937 -0.285627 0.431220 
0.502668 -0.591836 -0.155302 -0.166936 -0.102232 -0.280940 0.424144 
0.493628 -0.581192 -0.152509 -0.163933 -0.100393 -0.275888 0.416516 
0.483952 -0.569800 -0.149520 -0.160720 -0.098426 -0.270480 0.408352 
0.473662 -0.557684 -0.146341 -0.157303 -0.096333 -0.264729 0.399669 
0.462778 -0.544869 -0.142978 -0.153688 -0.094119 -0.258646 0.390485 
0.451320 -0.531379 -0.139438 -0.149883 -0.091789 -0.252242 0.380817 
0.439309 -0.517238 -0.135727 -0.145894 -0.089346 -0.245529 0.370683 
0.426765 -0.502469 -0.131852 -0.141728 -0.086795 -0.238519 0.360099 
0.413710 -0.487098 -0.127818 -0.137393 -0.084140 -0.231222 0.349083 
0.400163 -0.471147 -0.123633 -0.132894 -0.081385 -0.223650 0.337652 
0.386144 -0.454642 -0.119302 -0.128238 -0.078534 -0.215815 0.325823 
0.371675 -0.437606 -0.114831 -0.123433 -0.075591 -0.207729 0.313614 
0.356776 -0.420064 -0.110228 -0.118485 -0.072561 -0.199401 0.301043 
0.341467 -0.402040 -0.105498 -0.113401 -0.069447 -0.190845 0.288125 
0.325769 -0.383557 -0.100648 -0.108188 -0.066254 -0.182072 0.274879 
0.309702 -0.364640 -0.095684 -0.102852 -0.062987 -0.173092 0.261322 
0.293287 -0.345313 -0.090613 -0.097400 -0.059648 -0.163918 0.247471 
0.276544 -0.325600 -0.085440 -0.091840 -0.056243 -0.154560 0.233344 
0.259494 -0.305525 -0.080172 -0.086178 -0.052776 -0.145031 0.218957 
0.242157 -0.285113 -0.074816 -0.080420 -0.049250 -0.135341 0.204329 
0.224554 -0.264387 -0.069377 -0.074574 -0.045669 -0.125503 0.189475 
0.206705 -0.243372 -0.063863 -0.068646 -0.042039 -0.115527 0.174415 
0.188630 -0.222091 -0.058279 -0.062644 -0.038363 -0.105425 0.159164 
0.170351 -0.200570 -0.052631 -0.056573 -0.034646 -0.095209 0.143740 
0.151888 -0.178831 -0.046927 -0.050442 -0.030891 -0.084890 0.128161 
0.133260 -0.156899 -0.041172 -0.044256 -0.027102 -0.074479 0.112443 
0.114489 -0.134798 -0.035372 -0.038022 -0.023285 -0.063988 0.096604 
0.095595 -0.112553 -0.029535 -0.031747 -0.019442 -0.053428 0.080662 
0.076599 -0.090187 -0.023666 -0.025439 -0.015579 -0.042811 0.064633 
0.057521 -0.067725 -0.017772 -0.019103 -0.011699 -0.032148 0.048536 
0.038382 -0.045190 -0.011858 -0.012746 -0.007806 -0.021451 0.032386 
0.019201 -0.022607 -0.005932 -0.006377 -0.003905 -0.010731 0.016202 
0.000000 0.000000 -0.000000 -0.000000 0.000000 -0.000000 -0.000000 
-0.019201 0.022607 0.005932 0.006377 0.003905 0.010731 -0.016202 
-0.038382 0.045190 0.011858 0.012746 0.007806 0.021451 -0.032386 
-0.057521 0.067725 0.017772 0.019103 0.011699 0.032148 -0.048536 
-0.076599 0.090187 0.023666 0.025439 0.015579 0.042811 -0.064633 
-0.095595 0.112553 0.029535 0.031747 0.019442 0.053428 -0.080662 
-0.114489 0.134798 0.035372 0.038022 0.023285 0.063988 -0.096604 
-0.133260 0.156899 0.041172 0.044256 0.027102 0.074479 -0.112443 
-0.151888 0.178831 0.046927 0.050442 0.030891 0.084890 -0.128161 
-0.170351 0.200570 0.052631 0.056573 0.034646 0.095209 -0.143740 
-0.188630 0.222091 0.058279 0.062644 0.038363 0.105425 -0.159164 
-0.206705 0.243372 0.063863 0.068646 0.042039 0.115527 -0.174415 
-0.224554 0.264387 0.069377 0.074574 0.045669 0.125503 -0.189475 
-0.242157 0.285113 0.074816 0.080420 0.049250 0.135341 -0.204329 
-0.259494 0.305525 0.080172 0.086178 0.052776 0.145031 -0.218957 
-0.276544 0.325600 0.085440 0.091840 0.056243 0.154560 -0.233344 
-0.293287 0.345313 0.090613 0.097400 0.059648 0.163918 -0.247471 
-0.309702 0.364640 0.095684 0.102852 0.062987 0.173092 -0.261322 
-0.325769 0.383557 0.100648 0.108188 0.066254 0.182072 -0.274879 
-0.341467 0.402040 0.105498 0.113401 0.069447 0.190845 -0.288125 
-0.356776 0.420064 0.110228 0.118485 0.072561 0.199401 -0.301043 
-0.371675 0.437606 0.114831 0.123433 0.075591 0.207729 -0.313614 
-0.386144 0.454642 0.119302 0.128238 0.078534 0.215815 -0.325823 
-0.400163 0.471147 0.123633 0.132894 0.081385 0.223650 -0.337652 
-0.413710 0.487098 0.127818 0.137393 0.084140 0.231222 -0.349083 
-0.426765 0.502469 0.131852 0.141728 0.086795 0.238519 -0.360099 
-0.439309 0.517238 0.135727 0.145894 0.089346 0.245529 -0.370683 
-0.451320 0.531379 0.139438 0.149883 0.091789 0.252242 -0.380817 
-0.462778 0.544869 0.142978 0.153688 0.094119 0.258646 -0.390485 
-0.473662 0.557684 0.146341 0.157303 0.096333 0.264729 -0.399669 
-0.483952 0.569800 0.149520 0.160720 0.098426 0.270480 -0.408352 
-0.493628 0.581192 0.152509 0.163933 0.100393 0.275888 -0.416516 
-0.502668 0.591836 0.155302 0.166936 0.102232 0.280940 -0.424144 
-0.511053 0.601709 0.157893 0.169720 0.103937 0.285627 -0.431220 
-0.518762 0.610785 0.160275 0.172281 0.105505 0.289935 -0.437725 
-0.525775 0.619042 0.162441 0.174609 0.106932 0.293855 -0.443642 
-0.532071 0.626454 0.164387 0.176700 0.108212 0.297373 -0.448954 
-0.537629 0.632999 0.166104 0.178546 0.109342 0.300480 -0.453644 
-0.542429 0.638650 0.167587 0.180140 0.110319 0.303163 -0.457694 
-0.546451 0.643386 0.168829 0.181476 0.111137 0.305411 -0.461088 
-0.549674 0.647180 0.169825 0.182546 0.111792 0.307212 -0.463807 
-0.552077 0.650010 0.170568 0.183344 0.112281 0.308555 -0.465835 
-0.553641 0.651851 0.171051 0.183864 0.112599 0.309429 -0.467155 
-0.554344 0.652679 0.171268 0.184097 0.112742 0.309822 -0.467748 
-0.554167 0.652470 0.171213 0.184038 0.112706 0.309723 -0.467598 
-0.553088 0.651200 0.170880 0.183680 0.112486 0.309120 -0.466688 
-0.551087 0.648844 0.170262 0.183016 0.112080 0.308002 -0.465000 
-0.548144 0.645379 0.169353 0.182038 0.111481 0.306357 -0.462517 
-0.544239 0.640781 0.168146 0.180741 0.110687 0.304174 -0.459221 
-0.539350 0.635025 0.166635 0.179117 0.109692 0.301442 -0.455096 
-0.533457 0.628086 0.164815 0.177160 0.108494 0.298148 -0.450123 
-0.526540 0.619942 0.162678 0.174863 0.107087 0.294282 -0.444287 
-0.518578 0.610568 0.160218 0.172219 0.105468 0.289832 -0.437569 
-0.509551 0.599940 0.157429 0.169221 0.103632 0.284787 -0.429952 
-0.499438 0.588034 0.154305 0.165863 0.101575 0.279135 -0.421419 
-0.488220 0.574825 0.150839 0.162137 0.099294 0.272865 -0.411953 
-0.475874 0.560289 0.147024 0.158037 0.096783 0.265965 -0.401536 
-0.462382 0.544403 0.142856 0.153556 0.094039 0.258424 -0.390151 
-0.447721 0.527142 0.138326 0.148688 0.091057 0.250231 -0.377781 
-0.431873 0.508483 0.133430 0.143425 0.087834 0.241373 -0.364408 
-0.414816 0.488400 0.128160 0.137760 0.084365 0.231840 -0.350016 
-0.396530 0.466870 0.122510 0.131687 0.080646 0.221620 -0.334586 
-0.376994 0.443869 0.116475 0.125199 0.076673 0.210702 -0.318103 
-0.356189 0.419373 0.110047 0.118290 0.072441 0.199073 -0.300547 
-0.334092 0.393357 0.103220 0.110952 0.067947 0.186724 -0.281903 
-0.310685 0.365798 0.095988 0.103178 0.063187 0.173641 -0.262152 
-0.285946 0.336670 0.088345 0.094963 0.058155 0.159815 -0.241278 
-0.259856 0.305951 0.080284 0.086298 0.052849 0.145233 -0.219263 
-0.232393 0.273617 0.071799 0.077177 0.047264 0.129884 -0.196090 
-0.203536 0.239642 0.062884 0.067594 0.041395 0.113756 -0.171741 
-0.173267 0.204002 0.053532 0.057542 0.035239 0.096839 -0.146200 
-0.141563 0.166675 0.043737 0.047013 0.028791 0.079119 -0.119449 
-0.108405 0.127635 0.033492 0.036001 0.022047 0.060588 -0.091471 
-0.073772 0.086859 0.022792 0.024500 0.015004 0.041231 -0.062248 
-0.037644 0.044322 0.011630 0.012502 0.007656 0.021039 -0.031764 
0.000000 0.000000 0.000000 -0.000000 0.000000 -0.000000 0.000000 
0.000000 0.000000 0.000000 0.000000 0.000000 0.000000 0.000000 
-0.174306 0.156816 0.413783 0.258764 0.210845 -0.142320 -0.185927 
-0.326824 0.294029 0.775842 0.485182 0.395334 -0.266850 -0.348612 
-0.458481 0.412475 1.088380 0.680632 0.554589 -0.374347 -0.489046 
-0.570204 0.512988 1.353598 0.846488 0.689731 -0.465569 -0.608218 
-0.662920 0.596400 1.573695 0.984129 0.801883 -0.541271 -0.707115 
-0.737556 0.663547 1.750873 1.094929 0.892165 -0.602211 -0.786727 
-0.795040 0.715263 1.887333 1.180266 0.961698 -0.649146 -0.848043 
-0.836299 0.752382 1.985276 1.241516 1.011606 -0.682834 -0.892052 
-0.862260 0.775737 2.046904 1.280056 1.043008 -0.704031 -0.919744 
-0.873849 0.786164 2.074416 1.297261 1.057027 -0.713493 -0.932106 
-0.871995 0.784496 2.070014 1.294508 1.054784 -0.711979 -0.930128 
-0.857624 0.771567 2.035899 1.273173 1.037401 -0.700245 -0.914799 
-0.831663 0.748211 1.974272 1.234634 1.005998 -0.679049 -0.887108 
-0.795040 0.715263 1.887333 1.180266 0.961698 -0.649146 -0.848043 
-0.748682 0.673557 1.777285 1.111446 0.905623 -0.611295 -0.798595 
-0.693516 0.623926 1.646327 1.029550 0.838893 -0.566253 -0.739751 
-0.630469 0.567206 1.496661 0.935955 0.762630 -0.514775 -0.672501 
-0.560469 0.504229 1.330487 0.832036 0.677955 -0.457620 -0.597833 
-0.484442 0.435831 1.150008 0.719171 0.585991 -0.395544 -0.516738 
-0.403315 0.362845 0.957423 0.598736 0.487859 -0.329305 -0.430203 
-0.318016 0.286105 0.754933 0.472106 0.384679 -0.259659 -0.339217 
-0.229472 0.206446 0.544740 0.340660 0.277575 -0.187363 -0.244770 
-0.138611 0.124702 0.329045 0.205772 0.167666 -0.113175 -0.147851 
-0.046358 0.041706 0.110049 0.068820 0.056076 -0.037851 -0.049449 
0.046358 -0.041706 -0.110049 -0.068820 -0.056076 0.037851 0.049449 
0.138611 -0.124702 -0.329045 -0.205772 -0.167666 0.113175 0.147851 
0.229472 -0.206446 -0.544740 -0.340660 -0.277575 0.187363 0.244770 
0.318016 -0.286105 -0.754933 -0.472106 -0.384679 0.259659 0.339217 
0.403315 -0.362845 -0.957423 -0.598736 -0.487859 0.329305 0.430203 
0.484442 -0.435831 -1.150008 -0.719171 -0.585991 0.395544 0.516738 
0.560469 -0.504229 -1.330487 -0.832036 -0.677955 0.457620 0.597833 
0.630469 -0.567206 -1.496661 -0.935955 -0.762630 0.514775 0.672501 
0.693516 -0.623926 -1.646327 -1.029550 -0.838893 0.566253 0.739751 
0.748682 -0.673557 -1.777285 -1.111446 -0.905623 0.611295 0.798595 
0.795040 -0.715263 -1.887333 -1.180266 -0.961698 0.649146 0.848043 
0.831663 -0.748211 -1.974272 -1.234634 -1.005998 0.679049 0.887108 
0.857624 -0.771567 -2.035899 -1.273173 -1.037401 0.700245 0.914799 
0.871995 -0.784496 -2.070014 -1.294508 -1.054784 0.711979 0.930128 
0.873849 -0.786164 -2.074416 -1.297261 -1.057027 0.713493 0.932106 
0.862260 -0.775737 -2.046904 -1.280056 -1.043008 0.704031 0.919744 
0.836299 -0.752382 -1.985276 -1.241516 -1.011606 0.682834 0.892052 
0.795040 -0.715263 -1.887333 -1.180266 -0.961698 0.649146 0.848043 
0.737556 -0.663547 -1.750873 -1.094929 -0.892165 0.602211 0.786727 
0.662920 -0.596400 -1.573695 -0.984129 -0.801883 0.541271 0.707115 
0.570204 -0.512988 -1.353598 -0.846488 -0.689731 0.465569 0.608218 
0.458481 -0.412475 -1.088380 -0.680632 -0.554589 0.374347 0.489046 
0.326824 -0.294029 -0.775842 -0.485182 -0.395334 0.266850 0.348612 
0.174306 -0.156816 -0.413783 -0.258764 -0.210845 0.142320 0.185927 
-0.000000 0.000000 0.000000 0.000000 0.000000 -0.000000 -0.000000 
0.000000 0.000000 0.000000 0.000000 0.000000 0.000000 0.000000 
0.017539 0.039785 -0.010007 0.001462 0.012171 0.027217 0.017130 
0.034367 0.077958 -0.019608 0.002865 0.023849 0.053331 0.033566 
0.050494 0.114539 -0.028810 0.004209 0.035040 0.078357 0.049317 
0.065929 0.149551 -0.037616 0.005495 0.045751 0.102309 0.064392 
0.080682 0.183017 -0.046034 0.006725 0.055989 0.125203 0.078801 
0.094762 0.214957 -0.054067 0.007899 0.065760 0.147053 0.092553 
0.108180 0.245394 -0.061723 0.009017 0.075071 0.167875 0.105659 
0.120945 0.274349 -0.069006 0.010081 0.083929 0.187684 0.118126 
0.133067 0.301846 -0.075922 0.011092 0.092341 0.206494 0.129965 
0.144554 0.327905 -0.082477 0.012049 0.100313 0.224321 0.141185 
0.155418 0.352548 -0.088676 0.012955 0.107852 0.241180 0.151796 
0.165668 0.375798 -0.094524 0.013809 0.114965 0.257086 0.161807 
0.175313 0.397677 -0.100027 0.014613 0.121658 0.272053 0.171227 
0.184363 0.418206 -0.105190 0.015367 0.127938 0.286097 0.180066 
0.192828 0.437407 -0.110020 0.016073 0.133812 0.299233 0.188333 
0.200717 0.455303 -0.114521 0.016731 0.139287 0.311475 0.196039 
0.208040 0.471915 -0.118700 0.017341 0.144369 0.322840 0.203191 
0.214807 0.487265 -0.122561 0.017905 0.149064 0.333341 0.209801 
0.221028 0.501375 -0.126110 0.018424 0.153381 0.342994 0.215876 
0.226711 0.514268 -0.129352 0.018897 0.157325 0.351813 0.221427 
0.231868 0.525964 -0.132294 0.019327 0.160903 0.359815 0.226463 
0.236506 0.536486 -0.134941 0.019714 0.164122 0.367013 0.230994 
0.240637 0.545857 -0.137298 0.020058 0.166989 0.373423 0.235028 
0.244270 0.554097 -0.139371 0.020361 0.169510 0.379061 0.238576 
0.247414 0.561229 -0.141164 0.020623 0.171692 0.383940 0.241647 
0.250079 0.567274 -0.142685 0.020845 0.173541 0.388075 0.244250 
0.252275 0.572256 -0.143938 0.021028 0.175065 0.391483 0.246395 
0.254012 0.576195 -0.144929 0.021173 0.176270 0.394178 0.248091 
0.255298 0.579114 -0.145663 0.021280 0.177163 0.396175 0.249347 
0.256145 0.581034 -0.146146 0.021351 0.177750 0.397488 0.250174 
0.256561 0.581977 -0.146383 0.021385 0.178039 0.398134 0.250580 
0.256556 0.581966 -0.146380 0.021385 0.178036 0.398126 0.250576 
0.256140 0.581023 -0.146143 0.021350 0.177747 0.397481 0.250169 
0.255322 0.579168 -0.145677 0.021282 0.177180 0.396212 0.249371 
0.254113 0.576425 -0.144987 0.021181 0.176340 0.394336 0.248190 
0.252522 0.572815 -0.144079 0.021049 0.175236 0.391866 0.246636 
0.250558 0.568361 -0.142958 0.020885 0.173873 0.388819 0.244718 
0.248231 0.563083 -0.141631 0.020691 0.172259 0.385208 0.242445 
0.245552 0.557004 -0.140102 0.020468 0.170399 0.381050 0.239828 
0.242528 0.550147 -0.138377 0.020216 0.168301 0.376358 0.236875 
0.239172 0.542532 -0.136462 0.019936 0.165972 0.371149 0.233597 
0.235491 0.534182 -0.134361 0.019629 0.163417 0.365437 0.230002 
0.231495 0.525119 -0.132082 0.019296 0.160645 0.359237 0.226099 
0.227195 0.515365 -0.129628 0.018938 0.157661 0.352564 0.221899 
0.222600 0.504941 -0.127007 0.018555 0.154472 0.345433 0.217411 
0.217719 0.493870 -0.124222 0.018148 0.151085 0.337859 0.212645 
0.212563 0.482174 -0.121280 0.017718 0.147507 0.329858 0.207608 
0.207141 0.469874 -0.118186 0.017266 0.143744 0.321443 0.202313 
0.201462 0.456993 -0.114946 0.016793 0.139804 0.312631 0.196766 
0.195537 0.443552 -0.111565 0.016299 0.135692 0.303436 0.190979 
0.189374 0.429573 -0.108049 0.015785 0.131415 0.293873 0.184960 
0.182985 0.415079 -0.104404 0.015253 0.126981 0.283958 0.178719 
0.176377 0.400091 -0.100634 0.014702 0.122396 0.273704 0.172266 
0.169562 0.384631 -0.096745 0.014134 0.117667 0.263128 0.165610 
0.162548 0.368721 -0.092743 0.013549 0.112799 0.252244 0.158759 
0.155346 0.352384 -0.088634 0.012949 0.107801 0.241068 0.151725 
0.147965 0.335640 -0.084423 0.012334 0.102679 0.229613 0.144516 
0.140414 0.318512 -0.080115 0.011704 0.097440 0.217896 0.137141 
0.132704 0.301023 -0.075715 0.011061 0.092089 0.205931 0.129611 
0.124844 0.283193 -0.071231 0.010406 0.086635 0.193734 0.121934 
0.116843 0.265045 -0.066666 0.009739 0.081083 0.181319 0.114120 
0.108712 0.246601 -0.062027 0.009062 0.075440 0.168701 0.106178 
0.100460 0.227882 -0.057319 0.008374 0.069714 0.155895 0.098119 
0.092097 0.208911 -0.052547 0.007677 0.063910 0.142917 0.089950 
0.083632 0.189710 -0.047717 0.006971 0.058036 0.129781 0.081683 
0.075075 0.170300 -0.042835 0.006258 0.052098 0.116503 0.073326 
0.066437 0.150703 -0.037906 0.005538 0.046103 0.103097 0.064888 
0.057725 0.130942 -0.032936 0.004812 0.040058 0.089578 0.056380 
0.048951 0.111039 -0.027929 0.004080 0.033969 0.075962 0.047810 
0.040123 0.091015 -0.022893 0.003344 0.027843 0.062264 0.039188 
0.031252 0.070891 -0.017831 0.002605 0.021687 0.048497 0.030524 
0.022347 0.050692 -0.012750 0.001863 0.015508 0.034678 0.021826 
0.013418 0.030437 -0.007656 0.001118 0.009311 0.020822 0.013105 
0.004474 0.010149 -0.002553 0.000373 0.003105 0.006943 0.004370 
-0.004474 -0.010149 0.002553 -0.000373 -0.003105 -0.006943 -0.004370 
-0.013418 -0.030437 0.007656 -0.001118 -0.009311 -0.020822 -0.013105 
-0.022347 -0.050692 0.012750 -0.001863 -0.015508 -0.034678 -0.021826 
-0.031252 -0.070891 0.017831 -0.002605 -0.021687 -0.048497 -0.030524 
-0.040123 -0.091015 0.022893 -0.003344 -0.027843 -0.062264 -0.039188 
-0.048951 -0.111039 0.027929 -0.004080 -0.033969 -0.075962 -0.047810 
-0.057725 -0.130942 0.032936 -0.004812 -0.040058 -0.089578 -0.056380 
-0.066437 -0.150703 0.037906 -0.005538 -0.046103 -0.103097 -0.064888 
-0.075075 -0.170300 0.042835 -0.006258 -0.052098 -0.116503 -0.073326 
-0.083632 -0.189710 0.047717 -0.006971 -0.058036 -0.129781 -0.081683 
-0.092097 -0.208911 0.052547 -0.007677 -0.063910 -0.142917 -0.089950 
-0.100460 -0.227882 0.057319 -0.008374 -0.069714 -0.155895 -0.098119 
-0.108712 -0.246601 0.062027 -0.009062 -0.075440 -0.168701 -0.106178 
-0.116843 -0.265045 0.066666 -0.009739 -0.081083 -0.181319 -0.114120 
-0.124844 -0.283193 0.071231 -0.010406 -0.086635 -0.193734 -0.121934 
-0.132704 -0.301023 0.075715 -0.011061 -0.092089 -0.205931 -0.129611 
-0.140414 -0.318512 0.080115 -0.011704 -0.097440 -0.217896 -0.137141 
-0.147965 -0.335640 0.084423 -0.012334 -0.102679 -0.229613 -0.144516 
-0.155346 -0.352384 0.088634 -0.012949 -0.107801 -0.241068 -0.151725 
-0.162548 -0.368721 0.092743 -0.013549 -0.112799 -0.252244 -0.158759 
-0.169562 -0.384631 0.096745 -0.014134 -0.117667 -0.263128 -0.165610 
-0.176377 -0.400091 0.100634 -0.014702 -0.122396 -0.273704 -0.172266 
-0.182985 -0.415079 0.104404 -0.015253 -0.126981 -0.283958 -0.178719 
-0.189374 -0.429573 0.108049 -0.015785 -0.131415 -0.293873 -0.184960 
-0.195537 -0.443552 0.111565 -0.016299 -0.135692 -0.303436 -0.190979 
-0.201462 -0.456993 0.114946 -0.016793 -0.139804 -0.312631 -0.196766 
-0.207141 -0.469874 0.118186 -0.017266 -0.143744 -0.321443 -0.202313 
-0.212563 -0.482174 0.121280 -0.017718 -0.147507 -0.329858 -0.207608 
-0.217719 -0.493870 0.124222 -0.018148 -0.151085 -0.337859 -0.212645 
-0.222600 -0.504941 0.127007 -0.018555 -0.154472 -0.345433 -0.217411 
-0.227195 -0.515365 0.129628 -0.018938 -0.157661 -0.352564 -0.221899 
-0.231495 -0.525119 0.132082 -0.019296 -0.160645 -0.359237 -0.226099 
-0.235491 -0.534182 0.134361 -0.019629 -0.163417 -0.365437 -0.230002 
-0.239172 -0.542532 0.136462 -0.019936 -0.165972 -0.371149 -0.233597 
-0.242528 -0.550147 0.138377 -0.020216 -0.168301 -0.376358 -0.236875 
-0.245552 -0.557004 0.140102 -0.020468 -0.170399 -0.381050 -0.239828 
-0.248231 -0.563083 0.141631 -0.020691 -0.172259 -0.385208 -0.242445 
-0.250558 -0.568361 0.142958 -0.020885 -0.173873 -0.388819 -0.244718 
-0.252522 -0.572815 0.144079 -0.021049 -0.175236 -0.391866 -0.246636 
-0.254113 -0.576425 0.144987 -0.021181 -0.176340 -0.394336 -0.248190 
-0.255322 -0.579168 0.145677 -0.021282 -0.177180 -0.396212 -0.249371 
-0.256140 -0.581023 0.146143 -0.021350 -0.177747 -0.397481 -0.250169 
-0.256556 -0.581966 0.146380 -0.021385 -0.178036 -0.398126 -0.250576 
-0.256561 -0.581977 0.146383 -0.021385 -0.178039 -0.398134 -0.250580 
-0.256145 -0.581034 0.146146 -0.021351 -0.177750 -0.397488 -0.250174 
-0.255298 -0.579114 0.145663 -0.021280 -0.177163 -0.396175 -0.249347 
-0.254012 -0.576195 0.144929 -0.021173 -0.176270 -0.394178 -0.248091 
-0.252275 -0.572256 0.143938 -0.021028 -0.175065 -0.391483 -0.246395 
-0.250079 -0.567274 0.142685 -0.020845 -0.173541 -0.388075 -0.244250 
-0.247414 -0.561229 0.141164 -0.020623 -0.171692 -0.383940 -0.241647 
-0.244270 -0.554097 0.139371 -0.020361 -0.169510 -0.379061 -0.238576 
-0.240637 -0.545857 0.137298 -0.020058 -0.166989 -0.373423 -0.235028 
-0.236506 -0.536486 0.134941 -0.019714 -0.164122 -0.367013 -0.230994 
-0.231868 -0.525964 0.132294 -0.019327 -0.160903 -0.359815 -0.226463 
-0.226711 -0.514268 0.129352 -0.018897 -0.157325 -0.351813 -0.221427 
-0.221028 -0.501375 0.126110 -0.018424 -0.153381 -0.342994 -0.215876 
-0.214807 -0.487265 0.122561 -0.017905 -0.149064 -0.333341 -0.209801 
-0.208040 -0.471915 0.118700 -0.017341 -0.144369 -0.322840 -0.203191 
-0.200717 -0.455303 0.114521 -0.016731 -0.139287 -0.311475 -0.196039 
-0.192828 -0.437407 0.110020 -0.016073 -0.133812 -0.299233 -0.188333 
-0.184363 -0.418206 0.105190 -0.015367 -0.127938 -0.286097 -0.180066 
-0.175313 -0.397677 0.100027 -0.014613 -0.121658 -0.272053 -0.171227 
-0.165668 -0.375798 0.094524 -0.013809 -0.114965 -0.257086 -0.161807 
-0.155418 -0.352548 0.088676 -0.012955 -0.107852 -0.241180 -0.151796 
-0.144554 -0.327905 0.082477 -0.012049 -0.100313 -0.224321 -0.141185 
-0.133067 -0.301846 0.075922 -0.011092 -0.092341 -0.206494 -0.129965 
-0.120945 -0.274349 0.069006 -0.010081 -0.083929 -0.187684 -0.118126 
-0.108180 -0.245394 0.061723 -0.009017 -0.075071 -0.167875 -0.105659 
-0.094762 -0.214957 0.054067 -0.007899 -0.065760 -0.147053 -0.092553 
-0.080682 -0.183017 0.046034 -0.006725 -0.055989 -0.125203 -0.078801 
-0.065929 -0.149551 0.037616 -0.005495 -0.045751 -0.102309 -0.064392 
-0.050494 -0.114539 0.028810 -0.004209 -0.035040 -0.078357 -0.049317 
-0.034367 -0.077958 0.019608 -0.002865 -0.023849 -0.053331 -0.033566 
-0.017539 -0.039785 0.010007 -0.001462 -0.012171 -0.027217 -0.017130 
0.000000 -0.000000 0.000000 -0.000000 0.000000 0.000000 0.000000 
0.000000 0.000000 0.000000 0.000000 0.000000 0.000000 0.000000 
-0.142696 -0.027203 -0.016706 -0.043167 0.001562 0.014844 -0.368774 
-0.276656 -0.052741 -0.032389 -0.083692 0.003029 0.028779 -0.714969 
-0.402060 -0.076648 -0.047071 -0.121628 0.004402 0.041824 -1.039053 
-0.519087 -0.098958 -0.060772 -0.157030 0.005683 0.053998 -1.341489 
-0.627918 -0.119705 -0.073513 -0.189952 0.006875 0.065319 -1.622744 
-0.728734 -0.138924 -0.085316 -0.220450 0.007979 0.075806 -1.883283 
-0.821713 -0.156650 -0.096202 -0.248577 0.008997 0.085478 -2.123572 
-0.907037 -0.172915 -0.106191 -0.274389 0.009931 0.094354 -2.344075 
-0.984885 -0.187756 -0.115305 -0.297939 0.010783 0.102452 -2.545260 
-1.055437 -0.201206 -0.123565 -0.319282 0.011556 0.109791 -2.727591 
-1.118875 -0.213300 -0.130992 -0.338472 0.012250 0.116390 -2.891533 
-1.175377 -0.224071 -0.137607 -0.355565 0.012869 0.122268 -3.037553 
-1.225124 -0.233555 -0.143431 -0.370614 0.013414 0.127443 -3.166116 
-1.268296 -0.241785 -0.148485 -0.383674 0.013886 0.131934 -3.277687 
-1.305074 -0.248796 -0.152791 -0.394799 0.014289 0.135759 -3.372731 
-1.335636 -0.254623 -0.156369 -0.404045 0.014624 0.138939 -3.451715 
-1.360165 -0.259299 -0.159241 -0.411465 0.014892 0.141490 -3.515105 
-1.378839 -0.262859 -0.161427 -0.417114 0.015097 0.143433 -3.563364 
-1.391838 -0.265337 -0.162949 -0.421047 0.015239 0.144785 -3.596959 
-1.399344 -0.266768 -0.163828 -0.423317 0.015321 0.145566 -3.616356 
-1.401536 -0.267186 -0.164084 -0.423980 0.015345 0.145794 -3.622020 
-1.398593 -0.266625 -0.163740 -0.423090 0.015313 0.145488 -3.614417 
-1.390697 -0.265120 -0.162815 -0.420702 0.015227 0.144666 -3.594011 
-1.378028 -0.262704 -0.161332 -0.416869 0.015088 0.143349 -3.561269 
-1.360765 -0.259413 -0.159311 -0.411647 0.014899 0.141553 -3.516656 
-1.339089 -0.255281 -0.156773 -0.405090 0.014661 0.139298 -3.460638 
-1.313180 -0.250342 -0.153740 -0.397252 0.014378 0.136603 -3.393680 
-1.283217 -0.244630 -0.150232 -0.388188 0.014050 0.133486 -3.316248 
-1.249382 -0.238179 -0.146271 -0.377952 0.013679 0.129966 -3.228806 
-1.211854 -0.231025 -0.141877 -0.366600 0.013268 0.126062 -3.131822 
-1.170813 -0.223201 -0.137073 -0.354184 0.012819 0.121793 -3.025760 
-1.126440 -0.214742 -0.131878 -0.340761 0.012333 0.117177 -2.911085 
-1.078915 -0.205682 -0.126314 -0.326384 0.011813 0.112233 -2.788264 
-1.028417 -0.196055 -0.120402 -0.311108 0.011260 0.106980 -2.657762 
-0.975127 -0.185896 -0.114163 -0.294987 0.010677 0.101437 -2.520044 
-0.919226 -0.175239 -0.107618 -0.278076 0.010064 0.095622 -2.375576 
-0.860892 -0.164119 -0.100789 -0.260430 0.009426 0.089554 -2.224823 
-0.800307 -0.152569 -0.093696 -0.242102 0.008762 0.083251 -2.068252 
-0.737650 -0.140624 -0.086360 -0.223148 0.008076 0.076734 -1.906326 
-0.673102 -0.128319 -0.078803 -0.203621 0.007370 0.070019 -1.739513 
-0.606843 -0.115687 -0.071046 -0.183577 0.006644 0.063126 -1.568277 
-0.539052 -0.102764 -0.063109 -0.163069 0.005902 0.056075 -1.393085 
-0.469911 -0.089583 -0.055015 -0.142153 0.005145 0.048882 -1.214401 
-0.399598 -0.076179 -0.046783 -0.120883 0.004375 0.041568 -1.032690 
-0.328295 -0.062585 -0.038435 -0.099313 0.003594 0.034151 -0.848420 
-0.256181 -0.048838 -0.029992 -0.077498 0.002805 0.026649 -0.662055 
-0.183437 -0.034970 -0.021476 -0.055492 0.002008 0.019082 -0.474060 
-0.110242 -0.021016 -0.012907 -0.033350 0.001207 0.011468 -0.284902 
-0.036777 -0.007011 -0.004306 -0.011126 0.000403 0.003826 -0.095045 
0.036777 0.007011 0.004306 0.011126 -0.000403 -0.003826 0.095045 
0.110242 0.021016 0.012907 0.033350 -0.001207 -0.011468 0.284902 
0.183437 0.034970 0.021476 0.055492 -0.002008 -0.019082 0.474060 
0.256181 0.048838 0.029992 0.077498 -0.002805 -0.026649 0.662055 
0.328295 0.062585 0.038435 0.099313 -0.003594 -0.034151 0.848420 
0.399598 0.076179 0.046783 0.120883 -0.004375 -0.041568 1.032690 
0.469911 0.089583 0.055015 0.142153 -0.005145 -0.048882 1.214401 
0.539052 0.102764 0.063109 0.163069 -0.005902 -0.056075 1.393085 
0.606843 0.115687 0.071046 0.183577 -0.006644 -0.063126 1.568277 
0.673102 0.128319 0.078803 0.203621 -0.007370 -0.070019 1.739513 
0.737650 0.140624 0.086360 0.223148 -0.008076 -0.076734 1.906326 
0.800307 0.152569 0.093696 0.242102 -0.008762 -0.083251 2.068252 
0.860892 0.164119 0.100789 0.260430 -0.009426 -0.089554 2.224823 
0.919226 0.175239 0.107618 0.278076 -0.010064 -0.095622 2.375576 
0.975127 0.185896 0.114163 0.294987 -0.010677 -0.101437 2.520044 
1.028417 0.196055 0.120402 0.311108 -0.011260 -0.106980 2.657762 
1.078915 0.205682 0.126314 0.326384 -0.011813 -0.112233 2.788264 
1.126440 0.214742 0.131878 0.340761 -0.012333 -0.117177 2.911085 
1.170813 0.223201 0.137073 0.354184 -0.012819 -0.121793 3.025760 
1.211854 0.231025 0.141877 0.366600 -0.013268 -0.126062 3.131822 
1.249382 0.238179 0.146271 0.377952 -0.013679 -0.129966 3.228806 
1.283217 0.244630 0.150232 0.388188 -0.014050 -0.133486 3.316248 
1.313180 0.250342 0.153740 0.397252 -0.014378 -0.136603 3.393680 
1.339089 0.255281 0.156773 0.405090 -0.014661 -0.139298 3.460638 
1.360765 0.259413 0.159311 0.411647 -0.014899 -0.141553 3.516656 
1.378028 0.262704 0.161332 0.416869 -0.015088 -0.143349 3.561269 
1.390697 0.265120 0.162815 0.420702 -0.015227 -0.144666 3.594011 
1.398593 0.266625 0.163740 0.423090 -0.015313 -0.145488 3.614417 
1.401536 0.267186 0.164084 0.423980 -0.015345 -0.145794 3.622020 
1.399344 0.266768 0.163828 0.423317 -0.015321 -0.145566 3.616356 
1.391838 0.265337 0.162949 0.421047 -0.015239 -0.144785 3.596959 
1.378839 0.262859 0.161427 0.417114 -0.015097 -0.143433 3.563364 
1.360165 0.259299 0.159241 0.411465 -0.014892 -0.141490 3.515105 
1.335636 0.254623 0.156369 0.404045 -0.014624 -0.138939 3.451715 
1.305074 0.248796 0.152791 0.394799 -0.014289 -0.135759 3.372731 
1.268296 0.241785 0.148485 0.383674 -0.013886 -0.131934 3.277687 
1.225124 0.233555 0.143431 0.370614 -0.013414 -0.127443 3.166116 
1.175377 0.224071 0.137607 0.355565 -0.012869 -0.122268 3.037553 
1.118875 0.213300 0.130992 0.338472 -0.012250 -0.116390 2.891533 
1.055437 0.201206 0.123565 0.319282 -0.011556 -0.109791 2.727591 
0.984885 0.187756 0.115305 0.297939 -0.010783 -0.102452 2.545260 
0.907037 0.172915 0.106191 0.274389 -0.009931 -0.094354 2.344075 
0.821713 0.156650 0.096202 0.248577 -0.008997 -0.085478 2.123572 
0.728734 0.138924 0.085316 0.220450 -0.007979 -0.075806 1.883283 
0.627918 0.119705 0.073513 0.189952 -0.006875 -0.065319 1.622744 
0.519087 0.098958 0.060772 0.157030 -0.005683 -0.053998 1.341489 
0.402060 0.076648 0.047071 0.121628 -0.004402 -0.041824 1.039053 
0.276656 0.052741 0.032389 0.083692 -0.003029 -0.028779 0.714969 
0.142696 0.027203 0.016706 0.043167 -0.001562 -0.014844 0.368774 
0.000000 -0.000000 0.000000 0.000000 0.000000 0.000000 -0.000000 
0.000000 0.000000 0.000000 0.000000 0.000000 0.000000 0.000000 
0.142696 0.027203 0.016706 0.043167 -0.001562 -0.014844 0.368774 
0.276656 0.052741 0.032389 0.083692 -0.003029 -0.028779 0.714969 
0.402060 0.076648 0.047071 0.121628 -0.004402 -0.041824 1.039053 
0.519087 0.098958 0.060772 0.157030 -0.005683 -0.053998 1.341489 
0.627918 0.119705 0.073513 0.189952 -0.006875 -0.065319 1.622744 
0.728734 0.138924 0.085316 0.220450 -0.007979 -0.075806 1.883283 
0.821713 0.156650 0.096202 0.248577 -0.008997 -0.085478 2.123572 
0.907037 0.172915 0.106191 0.274389 -0.009931 -0.094354 2.344075 
0.984885 0.187756 0.115305 0.297939 -0.010783 -0.102452 2.545260 
1.055437 0.201206 0.123565 0.319282 -0.011556 -0.109791 2.727591 
1.118875 0.213300 0.130992 0.338472 -0.012250 -0.116390 2.891533 
1.175377 0.224071 0.137607 0.355565 -0.012869 -0.122268 3.037553 
1.225124 0.233555 0.143431 0.370614 -0.013414 -0.127443 3.166116 
1.268296 0.241785 0.148485 0.383674 -0.013886 -0.131934 3.277687 
1.305074 0.248796 0.152791 0.394799 -0.014289 -0.135759 3.372731 
1.335636 0.254623 0.156369 0.404045 -0.014624 -0.138939 3.451715 
1.360165 0.259299 0.159241 0.411465 -0.014892 -0.141490 3.515105 
1.378839 0.262859 0.161427 0.417114 -0.015097 -0.143433 3.563364 
1.391838 0.265337 0.162949 0.421047 -0.015239 -0.144785 3.596959 
1.399344 0.266768 0.163828 0.423317 -0.015321 -0.145566 3.616356 
1.401536 0.267186 0.164084 0.423980 -0.015345 -0.145794 3.622020 
1.398593 0.266625 0.163740 0.423090 -0.015313 -0.145488 3.614417 
1.390697 0.265120 0.162815 0.420702 -0.015227 -0.144666 3.594011 
1.378028 0.262704 0.161332 0.416869 -0.015088 -0.143349 3.561269 
1.360765 0.259413 0.159311 0.411647 -0.014899 -0.141553 3.516656 
1.339089 0.255281 0.156773 0.405090 -0.014661 -0.139298 3.460638 
1.313180 0.250342 0.153740 0.397252 -0.014378 -0.136603 3.393680 
1.283217 0.244630 0.150232 0.388188 -0.014050 -0.133486 3.316248 
1.249382 0.238179 0.146271 0.377952 -0.013679 -0.129966 3.228806 
1.211854 0.231025 0.141877 0.366600 -0.013268 -0.126062 3.131822 
1.170813 0.223201 0.137073 0.354184 -0.012819 -0.121793 3.025760 
1.126440 0.214742 0.131878 0.340761 -0.012333 -0.117177 2.911085 
1.078915 0.205682 0.126314 0.326384 -0.011813 -0.112233 2.788264 
1.028417 0.196055 0.120402 0.311108 -0.011260 -0.106980 2.657762 
0.975127 0.185896 0.114163 0.294987 -0.010677 -0.101437 2.520044 
0.919226 0.175239 0.107618 0.278076 -0.010064 -0.095622 2.375576 
0.860892 0.164119 0.100789 0.260430 -0.009426 -0.089554 2.224823 
0.800307 0.152569 0.093696 0.242102 -0.008762 -0.083251 2.068252 
0.737650 0.140624 0.086360 0.223148 -0.008076 -0.076734 1.906326 
0.673102 0.128319 0.078803 0.203621 -0.007370 -0.070019 1.739513 
0.606843 0.115687 0.071046 0.183577 -0.006644 -0.063126 1.568277 
0.539052 0.102764 0.063109 0.163069 -0.005902 -0.056075 1.393085 
0.469911 0.089583 0.055015 0.142153 -0.005145 -0.048882 1.214401 
0.399598 0.076179 0.046783 0.120883 -0.004375 -0.041568 1.032690 
0.328295 0.062585 0.038435 0.099313 -0.003594 -0.034151 0.848420 
0.256181 0.048838 0.029992 0.077498 -0.002805 -0.026649 0.662055 
0.183437 0.034970 0.021476 0.055492 -0.002008 -0.019082 0.474060 
0.110242 0.021016 0.012907 0.033350 -0.001207 -0.011468 0.284902 
0.036777 0.007011 0.004306 0.011126 -0.000403 -0.003826 0.095045 
-0.036777 -0.007011 -0.004306 -0.011126 0.000403 0.003826 -0.095045 
-0.110242 -0.021016 -0.012907 -0.033350 0.001207 0.011468 -0.284902 
-0.183437 -0.034970 -0.021476 -0.055492 0.002008 0.019082 -0.474060 
-0.256181 -0.048838 -0.029992 -0.077498 0.002805 0.026649 -0.662055 
-0.328295 -0.062585 -0.038435 -0.099313 0.003594 0.034151 -0.848420 
-0.399598 -0.076179 -0.046783 -0.120883 0.004375 0.041568 -1.032690 
-0.469911 -0.089583 -0.055015 -0.142153 0.005145 0.048882 -1.214401 
-0.539052 -0.102764 -0.063109 -0.163069 0.005902 0.056075 -1.393085 
-0.606843 -0.115687 -0.071046 -0.183577 0.006644 0.063126 -1.568277 
-0.673102 -0.128319 -0.078803 -0.203621 0.007370 0.070019 -1.739513 
-0.737650 -0.140624 -0.086360 -0.223148 0.008076 0.076734 -1.906326 
-0.800307 -0.152569 -0.093696 -0.242102 0.008762 0.083251 -2.068252 
-0.860892 -0.164119 -0.100789 -0.260430 0.009426 0.089554 -2.224823 
-0.919226 -0.175239 -0.107618 -0.278076 0.010064 0.095622 -2.375576 
-0.975127 -0.185896 -0.114163 -0.294987 0.010677 0.101437 -2.520044 
-1.028417 -0.196055 -0.120402 -0.311108 0.011260 0.106980 -2.657762 
-1.078915 -0.205682 -0.126314 -0.326384 0.011813 0.112233 -2.788264 
-1.126440 -0.214742 -0.131878 -0.340761 0.012333 0.117177 -2.911085 
-1.170813 -0.223201 -0.137073 -0.354184 0.012819 0.121793 -3.025760 
-1.211854 -0.231025 -0.141877 -0.366600 0.013268 0.126062 -3.131822 
-1.249382 -0.238179 -0.146271 -0.377952 0.013679 0.129966 -3.228806 
-1.283217 -0.244630 -0.150232 -0.388188 0.014050 0.133486 -3.316248 
-1.313180 -0.250342 -0.153740 -0.397252 0.014378 0.136603 -3.393680 
-1.339089 -0.255281 -0.156773 -0.405090 0.014661 0.139298 -3.460638 
-1.360765 -0.259413 -0.159311 -0.411647 0.014899 0.141553 -3.516656 
-1.378028 -0.262704 -0.161332 -0.416869 0.015088 0.143349 -3.561269 
-1.390697 -0.265120 -0.162815 -0.420702 0.015227 0.144666 -3.594011 
-1.398593 -0.266625 -0.163740 -0.423090 0.015313 0.145488 -3.614417 
-1.401536 -0.267186 -0.164084 -0.423980 0.015345 0.145794 -3.622020 
-1.399344 -0.266768 -0.163828 -0.423317 0.015321 0.145566 -3.616356 
-1.391838 -0.265337 -0.162949 -0.421047 0.015239 0.144785 -3.596959 
-1.378839 -0.262859 -0.161427 -0.417114 0.015097 0.143433 -3.563364 
-1.360165 -0.259299 -0.159241 -0.411465 0.014892 0.141490 -3.515105 
-1.335636 -0.254623 -0.156369 -0.404045 0.014624 0.138939 -3.451715 
-1.305074 -0.248796 -0.152791 -0.394799 0.014289 0.135759 -3.372731 
-1.268296 -0.241785 -0.148485 -0.383674 0.013886 0.131934 -3.277687 
-1.225124 -0.233555 -0.143431 -0.370614 0.013414 0.127443 -3.166116 
-1.175377 -0.224071 -0.137607 -0.355565 0.012869 0.122268 -3.037553 
-1.118875 -0.213300 -0.130992 -0.338472 0.012250 0.116390 -2.891533 
-1.055437 -0.201206 -0.123565 -0.319282 0.011556 0.109791 -2.727591 
-0.984885 -0.187756 -0.115305 -0.297939 0.010783 0.102452 -2.545260 
-0.907037 -0.172915 -0.106191 -0.274389 0.009931 0.094354 -2.344075 
-0.821713 -0.156650 -0.096202 -0.248577 0.008997 0.085478 -2.123572 
-0.728734 -0.138924 -0.085316 -0.220450 0.007979 0.075806 -1.883283 
-0.627918 -0.119705 -0.073513 -0.189952 0.006875 0.065319 -1.622744 
-0.519087 -0.098958 -0.060772 -0.157030 0.005683 0.053998 -1.341489 
-0.402060 -0.076648 -0.047071 -0.121628 0.004402 0.041824 -1.039053 
-0.276656 -0.052741 -0.032389 -0.083692 0.003029 0.028779 -0.714969 
-0.142696 -0.027203 -0.016706 -0.043167 0.001562 0.014844 -0.368774 
0.000000 0.000000 0.000000 0.000000 -0.000000 -0.000000 0.000000 
