0.594851, 0.59518, 0.570164, 0.575173
0.585508, 0.586081, 0.561046, 0.566061
0.595145, 0.596025, 0.570969, 0.575993
0.606004, 0.607208, 0.582134, 0.587166
0.615354, 0.6169, 0.591811, 0.596853
0.626193, 0.628117, 0.603023, 0.608076
0.63336, 0.635588, 0.6105, 0.615563
0.638572, 0.641019, 0.61595, 0.621019
0.643073, 0.645658, 0.620619, 0.625694
0.646601, 0.649225, 0.624224, 0.629301
0.646099, 0.648649, 0.623686, 0.628762
0.644318, 0.646698, 0.62177, 0.626842
0.640586, 0.642718, 0.617815, 0.62288
0.635212, 0.637066, 0.612172, 0.617229
0.628061, 0.629595, 0.604698, 0.609745
0.619229, 0.62043, 0.595517, 0.600554
0.609006, 0.60988, 0.584945, 0.589971
0.596612, 0.597174, 0.57221, 0.577227
0.581196, 0.581483, 0.556495, 0.561503
0.567484, 0.567596, 0.542594, 0.547597
0.565351, 0.565374, 0.540372, 0.545373
0.565032, 0.565034, 0.540035, 0.545035
0.574909, 0.575171, 0.550401, 0.555072
0.593899, 0.594809, 0.57057, 0.574406
0.653638, 0.655614, 0.63221, 0.634695
0.675736, 0.67908, 0.656596, 0.657356
0.704855, 0.709929, 0.688357, 0.686987
0.726294, 0.733309, 0.712363, 0.708679
0.741374, 0.750353, 0.729553, 0.723763
0.753472, 0.764373, 0.743166, 0.735547
0.760204, 0.772563, 0.750801, 0.741812
0.763924, 0.777346, 0.755383, 0.745623
0.763566, 0.777536, 0.755371, 0.746849
0.758857, 0.77265, 0.750199, 0.743929
0.751121, 0.763732, 0.741051, 0.736247
0.739216, 0.749915, 0.726943, 0.723709
0.71358, 0.722214, 0.698912, 0.697443
0.70716, 0.713958, 0.690332, 0.690381
0.685846, 0.690517, 0.666501, 0.66816
0.652728, 0.655549, 0.631174, 0.634158
0.578181, 0.579408, 0.554703, 0.558804
0.566387, 0.566718, 0.541808, 0.546551
0.566687, 0.566746, 0.541756, 0.546719
0.565821, 0.565838, 0.540861, 0.545875
0.568718, 0.568812, 0.543947, 0.549031
0.579621, 0.579847, 0.555174, 0.560377
0.592245, 0.592701, 0.568365, 0.573775
0.607749, 0.608534, 0.584676, 0.590378
0.624122, 0.62531, 0.602031, 0.608084
0.637283, 0.638862, 0.616141, 0.622526
0.650768, 0.652811, 0.630744, 0.637512
0.66327, 0.665863, 0.644562, 0.651767
0.676531, 0.679803, 0.659432, 0.667147
0.688205, 0.692199, 0.672799, 0.68102
0.697809, 0.702498, 0.684017, 0.692688
0.707409, 0.71287, 0.695391, 0.704517
0.71623, 0.722502, 0.706061, 0.71561
0.724312, 0.731416, 0.71602, 0.725948
0.732916, 0.740985, 0.726782, 0.737072
0.739992, 0.748949, 0.735831, 0.746381
0.747822, 0.757802, 0.745911, 0.756673
0.754389, 0.765302, 0.754512, 0.765383
0.754087, 0.764996, 0.754202, 0.765071
0.754079, 0.764987, 0.754193, 0.765062
0.754079, 0.764987, 0.754193, 0.765062
0.754079, 0.764987, 0.754192, 0.765062
0.754079, 0.764987, 0.754192, 0.765062
0.754079, 0.764987, 0.754192, 0.765062
0.754079, 0.764987, 0.754192, 0.765062
0.571658, 0.571668, 0.546681, 0.551687
0.565444, 0.565454, 0.540467, 0.545473
0.565433, 0.565443, 0.540456, 0.545462
0.565433, 0.565443, 0.540456, 0.545462
0.565433, 0.565443, 0.540456, 0.545462
0.565433, 0.565443, 0.540456, 0.545462
0.565433, 0.565443, 0.540456, 0.545462
0.565433, 0.565443, 0.540456, 0.545462
0.565433, 0.565443, 0.540456, 0.545462
0.565433, 0.565443, 0.540456, 0.545462
0.565555, 0.565569, 0.540586, 0.545593
0.568083, 0.568181, 0.54331, 0.548365
0.578729, 0.578988, 0.554334, 0.559483
0.588387, 0.588859, 0.564493, 0.569763
0.599451, 0.600195, 0.576195, 0.581619
0.61447, 0.615613, 0.592147, 0.597793
0.62737, 0.628914, 0.605984, 0.611846
0.639391, 0.641406, 0.619102, 0.62521
0.651705, 0.65428, 0.632712, 0.639098
0.662744, 0.665916, 0.645125, 0.651788
0.673243, 0.67707, 0.657125, 0.66407
0.682928, 0.687449, 0.668392, 0.675607
0.691771, 0.697018, 0.67888, 0.686343
0.700191, 0.706213, 0.689041, 0.696728
0.708055, 0.71489, 0.698717, 0.706593
0.714614, 0.722208, 0.706951, 0.714957
0.714523, 0.722115, 0.706858, 0.714864
0.714518, 0.72211, 0.706853, 0.714858
0.714518, 0.72211, 0.706852, 0.714858
0.714518, 0.72211, 0.706852, 0.714858
0.714518, 0.72211, 0.706852, 0.714858
0.714518, 0.72211, 0.706852, 0.714858
0.714518, 0.72211, 0.706852, 0.714858
0.568438, 0.568462, 0.543491, 0.548501
0.565801, 0.565824, 0.540853, 0.545862
0.565796, 0.565819, 0.540848, 0.545857
0.565796, 0.565819, 0.540848, 0.545857
0.565796, 0.565819, 0.540848, 0.545857
0.565796, 0.565819, 0.540848, 0.545857
0.565796, 0.565819, 0.540848, 0.545857
0.565796, 0.565819, 0.540848, 0.545857
0.565796, 0.565819, 0.540848, 0.545857
0.565182, 0.565187, 0.540192, 0.545194
0.567152, 0.567225, 0.542318, 0.547348
0.574841, 0.575042, 0.550304, 0.555387
0.584171, 0.584586, 0.560129, 0.5653
0.594427, 0.595105, 0.570992, 0.576269
0.608609, 0.609672, 0.586063, 0.591494
0.622414, 0.62391, 0.600863, 0.606461
0.631524, 0.633411, 0.610869, 0.616611
0.641666, 0.644005, 0.622042, 0.627944
0.650772, 0.653584, 0.632224, 0.638285
0.660414, 0.663781, 0.643122, 0.649355
0.668788, 0.668996, 0.646612, 0.652169
0.676483, 0.676778, 0.654721, 0.660314
0.683335, 0.683733, 0.661979, 0.667594
0.690224, 0.690756, 0.669317, 0.674938
0.696533, 0.697227, 0.676086, 0.681694
0.704491, 0.705449, 0.684674, 0.690232
0.709634, 0.710824, 0.690289, 0.695782
0.714461, 0.715915, 0.695584, 0.700989
0.718762, 0.720499, 0.700327, 0.705625
0.722801, 0.724862, 0.704811, 0.709973
0.727215, 0.729657, 0.70968, 0.714682
0.730705, 0.733557, 0.713584, 0.718529
0.733801, 0.737072, 0.71703, 0.722034
0.73613, 0.739826, 0.71964, 0.724707
0.737959, 0.742095, 0.721679, 0.726811
0.739195, 0.743774, 0.723032, 0.72823
0.739744, 0.744738, 0.723589, 0.728846
0.739614, 0.744976, 0.723354, 0.728662
0.738998, 0.74468, 0.722526, 0.727874
0.737612, 0.743548, 0.720827, 0.726204
0.735697, 0.741816, 0.718526, 0.723919
0.733134, 0.739371, 0.71548, 0.720879
0.729799, 0.736078, 0.711561, 0.716953
0.726394, 0.73264, 0.707617, 0.712995
0.721915, 0.72804, 0.702474, 0.707825
0.717008, 0.722939, 0.696927, 0.702248
0.712219, 0.717925, 0.691593, 0.696884
0.706175, 0.711557, 0.684936, 0.690189
0.699892, 0.704939, 0.67814, 0.683361
0.691115, 0.695794, 0.668901, 0.67409
0.685003, 0.689292, 0.662361, 0.667521
0.679119, 0.682942, 0.656063, 0.661171
0.67127, 0.674661, 0.647982, 0.652959
0.662835, 0.665796, 0.639328, 0.64421
0.65377, 0.656305, 0.630048, 0.634873
0.596511, 0.597062, 0.571987, 0.577024
0.624941, 0.626783, 0.601515, 0.606642
0.673506, 0.677316, 0.651614, 0.656884
0.70219, 0.708461, 0.681897, 0.687365
0.733837, 0.742919, 0.714823, 0.720544
0.761974, 0.774043, 0.743711, 0.749564
0.794554, 0.809844, 0.777674, 0.782083
0.805, 0.823045, 0.789809, 0.790941
0.804636, 0.824495, 0.790876, 0.787969
0.80448, 0.825893, 0.793379, 0.786006
0.804631, 0.826469, 0.795639, 0.786157
0.805, 0.826195, 0.797154, 0.787786
0.786126, 0.805195, 0.777779, 0.769599
0.744631, 0.760413, 0.734129, 0.728053
0.731867, 0.744266, 0.718704, 0.714893
0.707853, 0.716582, 0.69134, 0.690086
0.671885, 0.677289, 0.652133, 0.653244
0.579857, 0.582486, 0.557337, 0.560444
0.56529, 0.566445, 0.541342, 0.545512
0.568657, 0.56892, 0.543898, 0.548709
0.565352, 0.565369, 0.540375, 0.545362
0.577116, 0.577834, 0.553212, 0.55764
0.624777, 0.626993, 0.603192, 0.606429
0.664256, 0.668579, 0.645819, 0.647393
0.690844, 0.69746, 0.675612, 0.675402
0.71872, 0.7279, 0.706656, 0.704499
0.74028, 0.75198, 0.730689, 0.726693
0.757341, 0.771074, 0.748918, 0.743529
0.773403, 0.788621, 0.764819, 0.758522
0.787093, 0.803108, 0.777025, 0.770463
0.793499, 0.809457, 0.78087, 0.775187
0.796014, 0.811102, 0.780098, 0.77745
0.786881, 0.800149, 0.768091, 0.769515
0.774785, 0.786005, 0.754847, 0.758431
0.760874, 0.77013, 0.739913, 0.74508
0.737303, 0.744307, 0.715671, 0.72135
0.724152, 0.729212, 0.70211, 0.707562
0.70188, 0.705191, 0.679052, 0.684327
0.666822, 0.668686, 0.643113, 0.648257
0.577927, 0.578615, 0.553395, 0.558444
0.566382, 0.566536, 0.541475, 0.546484
0.566384, 0.56643, 0.541421, 0.546425
0.565944, 0.565964, 0.540951, 0.545951
0.569334, 0.569437, 0.544371, 0.549367
0.582462, 0.582689, 0.557544, 0.562534
0.593663, 0.59406, 0.568806, 0.573791
0.606605, 0.60722, 0.58183, 0.586806
0.621042, 0.621918, 0.59637, 0.601337
0.635992, 0.637203, 0.611463, 0.616418
0.65172, 0.653305, 0.627366, 0.632309
0.664549, 0.666533, 0.640406, 0.645336
0.677101, 0.679503, 0.653212, 0.658131
0.688094, 0.69089, 0.664485, 0.669396
0.699363, 0.702569, 0.676103, 0.681006
0.709545, 0.713117, 0.686671, 0.691569
0.718746, 0.722624, 0.696283, 0.701179
0.726903, 0.731011, 0.704855, 0.709748
0.734915, 0.739183, 0.713308, 0.718198
0.742683, 0.747025, 0.721531, 0.726416
0.75005, 0.75436, 0.729325, 0.734202
0.756632, 0.760805, 0.736279, 0.741143
0.762698, 0.766633, 0.742647, 0.747491
0.768474, 0.772066, 0.748652, 0.753472
0.774911, 0.778028, 0.755241, 0.760027
0.77975, 0.782338, 0.760111, 0.764862
0.784614, 0.7865, 0.764885, 0.769748
0.787719, 0.788894, 0.76779, 0.772946
0.789409, 0.790009, 0.769246, 0.774647
0.7897, 0.790205, 0.769292, 0.77488
0.788449, 0.789457, 0.767794, 0.773505
0.785502, 0.787499, 0.764657, 0.770363
0.781427, 0.78428, 0.760446, 0.766057
0.777168, 0.780656, 0.756044, 0.761576
0.771638, 0.775745, 0.750327, 0.75577
0.766331, 0.770847, 0.744846, 0.750218
0.760002, 0.764853, 0.738309, 0.743603
0.753628, 0.758651, 0.731732, 0.73696
0.746679, 0.751752, 0.724566, 0.729732
0.739835, 0.744841, 0.717518, 0.722636
0.732088, 0.736915, 0.709542, 0.714614
0.723371, 0.727914, 0.700584, 0.705618
0.712859, 0.717042, 0.689831, 0.694834
0.699216, 0.702961, 0.675933, 0.680912
0.69415, 0.697485, 0.670651, 0.675618
0.684697, 0.687602, 0.660984, 0.665942
0.673797, 0.676261, 0.649873, 0.654827
0.661421, 0.66343, 0.637287, 0.64224
0.649104, 0.650724, 0.624794, 0.629749
0.633978, 0.635176, 0.609481, 0.614441
0.617741, 0.618572, 0.593086, 0.598051
0.596767, 0.597287, 0.571978, 0.576952
0.583983, 0.584301, 0.559109, 0.56409
0.568464, 0.568628, 0.543527, 0.548514
0.565209, 0.565269, 0.540231, 0.545224
0.56563, 0.565641, 0.540635, 0.545635
0.569748, 0.569753, 0.544827, 0.549812
0.586934, 0.586961, 0.562386, 0.567326
0.642451, 0.642521, 0.6186, 0.623447
0.667292, 0.667425, 0.644246, 0.648977
0.697886, 0.698115, 0.675626, 0.680188
0.71734, 0.717698, 0.695511, 0.699877
0.734749, 0.735289, 0.712821, 0.716949
0.748229, 0.748997, 0.726004, 0.729515
0.759873, 0.760939, 0.738104, 0.740503
0.764611, 0.765726, 0.742992, 0.745995
0.766309, 0.76734, 0.744635, 0.748289
0.762211, 0.763105, 0.740515, 0.7446
0.754545, 0.755281, 0.732889, 0.737117
0.742351, 0.742907, 0.720519, 0.724888
0.728832, 0.72922, 0.706583, 0.711096
0.71002, 0.710262, 0.687121, 0.691781
0.684932, 0.685072, 0.661338, 0.666123
0.649807, 0.64988, 0.625604, 0.630486
0.618686, 0.618717, 0.594025, 0.598976
0.568169, 0.568176, 0.543233, 0.548224
0.566513, 0.566515, 0.541536, 0.546533
0.570923, 0.570943, 0.546024, 0.550995
0.585345, 0.585427, 0.560804, 0.56567
0.637627, 0.63781, 0.613661, 0.618351
0.663693, 0.664001, 0.640479, 0.644914
0.693881, 0.694316, 0.671469, 0.675575
0.717741, 0.718265, 0.696003, 0.69972
0.735283, 0.735825, 0.713938, 0.717222
0.749853, 0.750326, 0.728844, 0.731408
0.760028, 0.760354, 0.73964, 0.741113
0.764377, 0.764537, 0.744391, 0.745338
0.766293, 0.766374, 0.74655, 0.747416
0.762638, 0.762865, 0.742874, 0.743978
0.755188, 0.755551, 0.735146, 0.736835
0.744016, 0.744205, 0.723858, 0.726288
0.721073, 0.721128, 0.700504, 0.703472
0.711812, 0.711833, 0.690618, 0.694021
0.69436, 0.694383, 0.672329, 0.676138
0.660818, 0.660845, 0.637693, 0.641936
0.579447, 0.579464, 0.555371, 0.55996
0.566334, 0.56634, 0.54168, 0.546505
0.567874, 0.567876, 0.542953, 0.547914
0.565356, 0.565357, 0.540363, 0.545362
0.566691, 0.566712, 0.541707, 0.546711
0.570753, 0.570834, 0.545814, 0.550827
0.586872, 0.587061, 0.562014, 0.567043
0.600359, 0.600692, 0.575608, 0.580659
0.615994, 0.616516, 0.591386, 0.596467
0.634053, 0.634809, 0.609627, 0.614744
0.652083, 0.653099, 0.627868, 0.633026
0.667897, 0.669193, 0.643919, 0.649122
0.680677, 0.682208, 0.656912, 0.662153
0.695388, 0.697173, 0.67187, 0.677154
0.70879, 0.71078, 0.685497, 0.690816
0.724637, 0.726798, 0.70157, 0.706921
0.744999, 0.747244, 0.722172, 0.727498
0.762236, 0.764421, 0.739592, 0.744795
0.78495, 0.786935, 0.762536, 0.767485
0.804679, 0.806245, 0.7825, 0.78715
0.805, 0.805921, 0.782905, 0.787351
0.804498, 0.805092, 0.782472, 0.787103
0.804011, 0.804902, 0.782314, 0.787319
0.803376, 0.80559, 0.782453, 0.788088
0.803863, 0.807684, 0.783962, 0.79037
0.805, 0.810751, 0.786623, 0.793715
0.805, 0.81278, 0.78877, 0.796073
0.805, 0.814732, 0.791456, 0.798367
0.805, 0.816692, 0.794175, 0.800672
0.805, 0.818519, 0.796703, 0.802804
0.805, 0.820279, 0.799097, 0.804814
0.805, 0.821643, 0.800889, 0.80631
0.805, 0.822852, 0.802381, 0.807544
0.803717, 0.822362, 0.801963, 0.806957
0.804113, 0.82336, 0.802837, 0.807713
0.804468, 0.823927, 0.803093, 0.80793
0.804558, 0.823841, 0.802473, 0.807335
0.805, 0.823787, 0.801821, 0.806755
0.801972, 0.819871, 0.797231, 0.802265
0.776254, 0.792645, 0.769336, 0.774474
0.761853, 0.776796, 0.752889, 0.758123
0.746013, 0.759398, 0.734986, 0.740296
0.731715, 0.743613, 0.718824, 0.724184
0.718155, 0.728591, 0.703522, 0.708908
0.703065, 0.712092, 0.686839, 0.692229
0.690555, 0.698234, 0.672869, 0.678245
0.680211, 0.686614, 0.661198, 0.666545
0.666769, 0.671922, 0.646511, 0.651814
0.651231, 0.655132, 0.629772, 0.635018
0.634103, 0.63691, 0.611627, 0.616813
0.615471, 0.617341, 0.592143, 0.597272
0.594814, 0.595991, 0.570866, 0.575949
0.574394, 0.575033, 0.549967, 0.555013
0.565668, 0.565904, 0.540882, 0.5459
0.565814, 0.565865, 0.54086, 0.545864
0.56516, 0.565163, 0.540166, 0.545165
0.578109, 0.578444, 0.553778, 0.558694
0.621704, 0.622744, 0.598767, 0.603504
0.658284, 0.660411, 0.637375, 0.641843
0.684724, 0.688115, 0.665882, 0.670048
0.708737, 0.713448, 0.691537, 0.695417
0.725199, 0.731181, 0.708723, 0.712392
0.737819, 0.744827, 0.720719, 0.724319
0.746009, 0.753752, 0.727369, 0.731022
0.751195, 0.759543, 0.730923, 0.734672
0.754225, 0.762905, 0.732542, 0.735926
0.754371, 0.763056, 0.733219, 0.735575
0.75174, 0.76011, 0.731824, 0.734014
0.746463, 0.754238, 0.727399, 0.729579
0.737287, 0.744128, 0.718511, 0.720843
0.72357, 0.72939, 0.70446, 0.707067
0.709468, 0.71384, 0.689317, 0.692419
0.687376, 0.690374, 0.665937, 0.669603
0.653569, 0.655358, 0.630737, 0.634928
0.57542, 0.576276, 0.551403, 0.556012
0.568623, 0.56892, 0.543927, 0.54879
0.56849, 0.568566, 0.543581, 0.548546
0.566545, 0.566561, 0.541602, 0.546594
0.57943, 0.579624, 0.555254, 0.560142
0.627842, 0.6284, 0.6052, 0.609882
0.651116, 0.652087, 0.630066, 0.634528
0.682529, 0.684151, 0.663468, 0.667625
0.709402, 0.711788, 0.691733, 0.695614
0.724394, 0.727405, 0.707289, 0.711027
0.737451, 0.741057, 0.720011, 0.723725
0.746609, 0.750708, 0.727636, 0.731481
0.75134, 0.755739, 0.730034, 0.734165
0.753692, 0.758215, 0.730403, 0.734983
0.752313, 0.756755, 0.729574, 0.734162
0.747548, 0.751713, 0.726057, 0.730524
0.739183, 0.742883, 0.71838, 0.722788
0.72683, 0.730027, 0.706367, 0.710761
0.713256, 0.715882, 0.692551, 0.696994
0.694052, 0.695975, 0.672487, 0.677057
0.6614, 0.662631, 0.638684, 0.643411
0.6133, 0.613923, 0.589452, 0.594318
0.58316, 0.583381, 0.558548, 0.563503
0.5676, 0.567647, 0.542679, 0.54767
0.596768, 0.597123, 0.572105, 0.577115
0.587124, 0.587744, 0.562705, 0.567722
0.598825, 0.599817, 0.574754, 0.57978
0.60981, 0.611146, 0.586066, 0.591102
0.620544, 0.622253, 0.597161, 0.602207
0.627887, 0.629897, 0.604803, 0.609859
0.634609, 0.636889, 0.611804, 0.616868
0.639254, 0.641731, 0.616667, 0.621737
0.643358, 0.64595, 0.620914, 0.625989
0.64674, 0.649364, 0.624364, 0.629441
0.646123, 0.648678, 0.623713, 0.62879
0.64454, 0.646939, 0.622008, 0.62708
0.641252, 0.643425, 0.618519, 0.623585
0.635915, 0.637803, 0.612908, 0.617966
0.628937, 0.630508, 0.605612, 0.61066
0.620279, 0.621516, 0.596606, 0.601644
0.610803, 0.611735, 0.586803, 0.591832
0.599561, 0.600204, 0.575248, 0.580268
0.584515, 0.584899, 0.559919, 0.56493
0.567062, 0.567249, 0.542252, 0.547258
0.564045, 0.564099, 0.539095, 0.544096
0.565389, 0.565405, 0.540407, 0.545408
0.566175, 0.566198, 0.541219, 0.546193
0.57879, 0.579184, 0.554525, 0.559026
0.618672, 0.619784, 0.595712, 0.599294
0.652691, 0.654867, 0.631605, 0.633833
0.681516, 0.685136, 0.662819, 0.663236
0.707485, 0.712817, 0.691353, 0.689667
0.727011, 0.734141, 0.713216, 0.709402
0.745672, 0.755161, 0.734316, 0.728019
0.754744, 0.765946, 0.744614, 0.73673
0.761235, 0.773858, 0.752021, 0.742801
0.764453, 0.77816, 0.756138, 0.746625
0.760948, 0.774881, 0.752537, 0.74541
0.752858, 0.765734, 0.743092, 0.738077
0.736043, 0.746246, 0.723195, 0.720387
0.720981, 0.728968, 0.705549, 0.704647
0.701984, 0.707913, 0.68413, 0.684853
0.669437, 0.673312, 0.649146, 0.651378
0.601745, 0.603777, 0.579246, 0.582777
0.574867, 0.575752, 0.550971, 0.555315
0.566752, 0.566995, 0.542062, 0.546873
0.566365, 0.566405, 0.541411, 0.546387
0.565004, 0.565005, 0.540006, 0.545006
0.567644, 0.567707, 0.542798, 0.547854
0.578635, 0.578844, 0.554147, 0.559335
0.590708, 0.591135, 0.566756, 0.57214
0.603611, 0.604306, 0.580317, 0.58594
0.619162, 0.620214, 0.59674, 0.602675
0.634212, 0.635686, 0.612816, 0.619113
0.649587, 0.651572, 0.629424, 0.636145
0.661835, 0.664363, 0.642972, 0.650126
0.67496, 0.678146, 0.657656, 0.665308
0.685983, 0.689837, 0.670249, 0.678376
0.69658, 0.70117, 0.682558, 0.691168
0.706174, 0.711529, 0.693915, 0.702981
0.71552, 0.721718, 0.705183, 0.714697
0.724597, 0.731721, 0.716351, 0.726288
0.73288, 0.740948, 0.726745, 0.737035
0.740901, 0.749963, 0.73697, 0.747546
0.749109, 0.759259, 0.74757, 0.758359
0.755072, 0.76609, 0.755425, 0.766303
0.754828, 0.765843, 0.755173, 0.76605
0.754821, 0.765836, 0.755167, 0.766043
0.754821, 0.765836, 0.755166, 0.766043
0.754821, 0.765836, 0.755166, 0.766043
0.754821, 0.765836, 0.755166, 0.766043
0.754821, 0.765836, 0.755166, 0.766043
0.754821, 0.765836, 0.755166, 0.766043
0.570754, 0.570767, 0.545785, 0.550793
0.565562, 0.565576, 0.540593, 0.545601
0.565553, 0.565567, 0.540584, 0.545591
0.565553, 0.565567, 0.540584, 0.545591
0.565553, 0.565567, 0.540584, 0.545591
0.565553, 0.565567, 0.540584, 0.545591
0.565553, 0.565567, 0.540584, 0.545591
0.565553, 0.565567, 0.540584, 0.545591
0.565553, 0.565567, 0.540584, 0.545591
0.565553, 0.565567, 0.540584, 0.545591
0.566454, 0.566495, 0.541549, 0.546572
0.569301, 0.569445, 0.544635, 0.549717
0.581446, 0.58176, 0.557182, 0.562361
0.591983, 0.592541, 0.56829, 0.573607
0.604616, 0.605481, 0.581643, 0.587131
0.616457, 0.617678, 0.594317, 0.6
0.630506, 0.632161, 0.609378, 0.615291
0.642021, 0.64416, 0.622016, 0.628176
0.653288, 0.655959, 0.634514, 0.640934
0.663287, 0.666507, 0.645777, 0.652448
0.673099, 0.676933, 0.656996, 0.663928
0.682422, 0.68692, 0.667831, 0.675018
0.69154, 0.696779, 0.678626, 0.686064
0.699151, 0.705096, 0.687824, 0.695467
0.706465, 0.713153, 0.696795, 0.704614
0.712078, 0.719402, 0.703815, 0.711751
0.712056, 0.71938, 0.703793, 0.711729
0.712055, 0.719379, 0.703791, 0.711728
0.712055, 0.719379, 0.703791, 0.711727
0.712055, 0.719379, 0.703791, 0.711727
0.712055, 0.719379, 0.703791, 0.711727
0.712055, 0.719379, 0.703791, 0.711727
0.712055, 0.719379, 0.703791, 0.711727
0.572534, 0.572537, 0.54754, 0.552542
0.565148, 0.565151, 0.540154, 0.545155
0.565133, 0.565136, 0.540139, 0.54514
0.565133, 0.565136, 0.540139, 0.54514
0.565133, 0.565136, 0.540139, 0.54514
0.565133, 0.565136, 0.540139, 0.54514
0.565133, 0.565136, 0.540139, 0.54514
0.565133, 0.565136, 0.540139, 0.54514
0.565133, 0.565136, 0.540139, 0.54514
0.565755, 0.565777, 0.540804, 0.545813
0.568017, 0.568124, 0.543262, 0.548307
0.576954, 0.577201, 0.552522, 0.557625
0.585552, 0.586002, 0.561589, 0.566776
0.595229, 0.595928, 0.571845, 0.577134
0.606578, 0.607586, 0.583906, 0.589319
0.618692, 0.620068, 0.596866, 0.602424
0.629463, 0.63125, 0.608581, 0.614296
0.640633, 0.642908, 0.620867, 0.626758
0.651246, 0.654065, 0.632718, 0.638793
0.660655, 0.660781, 0.638079, 0.6436
0.669748, 0.669947, 0.647608, 0.653182
0.678127, 0.678422, 0.656443, 0.662057
0.686301, 0.686726, 0.665112, 0.670748
0.69352, 0.694103, 0.672831, 0.678467
0.700173, 0.700947, 0.679992, 0.685604
0.706517, 0.707527, 0.686869, 0.692429
0.712003, 0.713274, 0.692861, 0.698343
0.717067, 0.71864, 0.698434, 0.703808
0.721619, 0.723526, 0.703474, 0.708714
0.72546, 0.727715, 0.707756, 0.712845
0.729563, 0.732206, 0.712286, 0.717239
0.732917, 0.735975, 0.716023, 0.720992
0.735374, 0.73883, 0.71878, 0.723807
0.73746, 0.741343, 0.721115, 0.726206
0.738948, 0.743244, 0.722768, 0.727921
0.739874, 0.744567, 0.723772, 0.728983
0.740235, 0.745316, 0.724117, 0.729384
0.739993, 0.745416, 0.723759, 0.729073
0.739338, 0.745059, 0.722891, 0.728243
0.737885, 0.743857, 0.721116, 0.726495
0.735904, 0.742054, 0.718739, 0.724134
0.733434, 0.739693, 0.715808, 0.721208
0.730391, 0.736691, 0.712233, 0.717628
0.726818, 0.733086, 0.708084, 0.713463
0.722554, 0.728712, 0.70319, 0.708545
0.717969, 0.723951, 0.697999, 0.703326
0.712967, 0.718715, 0.69241, 0.697705
0.707515, 0.712976, 0.686398, 0.691659
0.701184, 0.706301, 0.679523, 0.684749
0.692264, 0.696992, 0.670101, 0.675293
0.683328, 0.6876, 0.66067, 0.665828
0.67914, 0.68298, 0.656094, 0.661205
0.671196, 0.674583, 0.647905, 0.652879
0.661504, 0.664387, 0.637958, 0.642825
0.652811, 0.655308, 0.62907, 0.633891
0.594077, 0.594548, 0.569483, 0.574515
0.598021, 0.599553, 0.574339, 0.579445
0.655247, 0.658483, 0.632928, 0.638156
0.695794, 0.701306, 0.675053, 0.680457
0.724371, 0.732566, 0.705024, 0.710661
0.752849, 0.763986, 0.734355, 0.740251
0.788118, 0.802531, 0.770725, 0.775811
0.805, 0.822269, 0.789315, 0.79163
0.805, 0.824344, 0.790679, 0.789272
0.804499, 0.825631, 0.792719, 0.786291
0.804553, 0.826369, 0.794996, 0.785926
0.805, 0.826549, 0.796895, 0.787394
0.802922, 0.823169, 0.795127, 0.786238
0.762284, 0.779525, 0.752821, 0.745795
0.739266, 0.753051, 0.727266, 0.722513
0.718236, 0.72841, 0.703079, 0.70081
0.68437, 0.691095, 0.665915, 0.666082
0.590199, 0.59372, 0.568549, 0.571015
0.571967, 0.573582, 0.548463, 0.5523
0.567731, 0.568166, 0.543109, 0.547797
0.566238, 0.566303, 0.541312, 0.546265
0.56976, 0.570016, 0.545134, 0.549931
0.583929, 0.585133, 0.560795, 0.564835
0.647727, 0.65068, 0.627248, 0.629901
0.672482, 0.677597, 0.655188, 0.656142
0.703856, 0.711609, 0.69009, 0.68901
0.729173, 0.73959, 0.718424, 0.715353
0.75618, 0.769556, 0.747662, 0.742505
0.771925, 0.787037, 0.763408, 0.75717
0.786035, 0.802011, 0.776143, 0.769575
0.793694, 0.809656, 0.781068, 0.775382
0.796042, 0.81113, 0.780125, 0.777477
0.788016, 0.80144, 0.769393, 0.770577
0.77611, 0.78753, 0.756281, 0.759655
0.761558, 0.7709, 0.74064, 0.745754
0.742579, 0.749861, 0.720995, 0.726695
0.728357, 0.733732, 0.706422, 0.711909
0.708082, 0.711767, 0.685451, 0.690762
0.673658, 0.675818, 0.650141, 0.655311
0.586091, 0.587121, 0.561798, 0.566873
0.568523, 0.568896, 0.543769, 0.548794
0.567746, 0.567827, 0.542799, 0.547805
0.565306, 0.565314, 0.540313, 0.545314
0.565942, 0.565962, 0.54095, 0.545949
0.569334, 0.569437, 0.544371, 0.549367
0.583645, 0.583888, 0.558732, 0.563723
0.596604, 0.597046, 0.571764, 0.576747
0.611012, 0.611707, 0.586268, 0.591241
0.62849, 0.629518, 0.603881, 0.608842
0.64368, 0.645062, 0.619228, 0.624177
0.65687, 0.658617, 0.632598, 0.637536
0.669454, 0.671598, 0.645403, 0.650329
0.680761, 0.683295, 0.656961, 0.661877
0.691354, 0.69427, 0.66784, 0.672749
0.701391, 0.704674, 0.678206, 0.683108
0.710872, 0.714492, 0.688055, 0.692954
0.719628, 0.723534, 0.697209, 0.702104
0.727573, 0.731697, 0.705562, 0.710455
0.735376, 0.739651, 0.713797, 0.718687
0.742964, 0.747306, 0.721829, 0.726714
0.750172, 0.754481, 0.729456, 0.734332
0.756914, 0.761078, 0.736575, 0.741438
0.763913, 0.767792, 0.743911, 0.748751
0.771066, 0.77451, 0.751311, 0.75612
0.776365, 0.779328, 0.756714, 0.76149
0.78144, 0.783814, 0.761786, 0.766538
0.785294, 0.787036, 0.765531, 0.770453
0.7883, 0.789295, 0.768312, 0.773537
0.789769, 0.790252, 0.769467, 0.774982
0.788775, 0.789617, 0.768162, 0.773857
0.786433, 0.788173, 0.765618, 0.771351
0.782818, 0.785413, 0.761884, 0.767524
0.778267, 0.781612, 0.757179, 0.76273
0.773117, 0.777078, 0.751856, 0.757322
0.767546, 0.771983, 0.7461, 0.751487
0.761682, 0.766459, 0.740045, 0.745359
0.755462, 0.760449, 0.733625, 0.738871
0.748874, 0.753946, 0.72683, 0.732016
0.741715, 0.746748, 0.719452, 0.724582
0.734307, 0.739195, 0.711826, 0.71691
0.72603, 0.730666, 0.703315, 0.708359
0.717255, 0.721581, 0.694318, 0.699332
0.708391, 0.712333, 0.685219, 0.690209
0.697585, 0.701011, 0.674133, 0.679103
0.687176, 0.690171, 0.663507, 0.668467
0.676004, 0.678549, 0.652118, 0.657073
0.662624, 0.664663, 0.638503, 0.643456
0.648697, 0.65029, 0.624375, 0.62933
0.633871, 0.635069, 0.609374, 0.614334
0.617713, 0.618544, 0.593057, 0.598023
0.597696, 0.598245, 0.57292, 0.577892
0.584154, 0.584473, 0.559281, 0.564262
0.567548, 0.567702, 0.542607, 0.547595
0.565324, 0.565367, 0.540339, 0.545334
0.565381, 0.56539, 0.540385, 0.545385
0.567328, 0.56733, 0.542365, 0.547357
0.582686, 0.582707, 0.558036, 0.562986
0.63852, 0.638584, 0.61458, 0.61944
0.664898, 0.665024, 0.641779, 0.646523
0.693112, 0.693328, 0.670771, 0.675356
0.718569, 0.718928, 0.696746, 0.701109
0.735262, 0.735811, 0.713315, 0.717435
0.748737, 0.749515, 0.72653, 0.729975
0.758747, 0.759785, 0.736941, 0.739322
0.766105, 0.767209, 0.744494, 0.747635
0.765814, 0.766819, 0.744122, 0.7479
0.759222, 0.760046, 0.737558, 0.74172
0.747187, 0.747803, 0.725445, 0.729766
0.719493, 0.719914, 0.697308, 0.701795
0.708519, 0.708774, 0.685684, 0.690331
0.68488, 0.685024, 0.661311, 0.666092
0.649208, 0.649279, 0.624982, 0.629868
0.574154, 0.574182, 0.54947, 0.554424
0.566233, 0.566239, 0.5413, 0.54629
0.566715, 0.566717, 0.541741, 0.546737
0.567955, 0.567965, 0.543, 0.547987
0.583026, 0.583097, 0.55842, 0.563306
0.638603, 0.638786, 0.614638, 0.619328
0.66504, 0.665353, 0.641861, 0.646283
0.695495, 0.695938, 0.673132, 0.677215
0.719895, 0.720424, 0.698202, 0.701885
0.73638, 0.73692, 0.715058, 0.7183
0.749295, 0.74977, 0.728277, 0.730859
0.759139, 0.759482, 0.738697, 0.740257
0.764396, 0.76456, 0.744403, 0.745357
0.766222, 0.766304, 0.746482, 0.747352
0.761772, 0.762028, 0.741984, 0.743145
0.752353, 0.752661, 0.732192, 0.734236
0.739161, 0.739301, 0.718934, 0.721538
0.721557, 0.721595, 0.700834, 0.703939
0.705478, 0.705497, 0.6839, 0.687504
0.675095, 0.675123, 0.652376, 0.656464
0.632356, 0.632378, 0.60868, 0.613127
0.572631, 0.572642, 0.548199, 0.552932
0.566286, 0.566288, 0.541425, 0.546343
0.566372, 0.566373, 0.541399, 0.546394
0.565354, 0.565354, 0.54036, 0.545359
0.567657, 0.567692, 0.542684, 0.54769
0.57271, 0.57282, 0.547793, 0.55281
0.59192, 0.592156, 0.567097, 0.572133
0.606706, 0.607112, 0.58201, 0.587072
0.623089, 0.623689, 0.598542, 0.603635
0.638723, 0.639554, 0.614357, 0.619486
0.656042, 0.657127, 0.631884, 0.637053
0.672532, 0.67391, 0.648627, 0.653843
0.686054, 0.687681, 0.662379, 0.667636
0.700153, 0.702016, 0.676717, 0.682014
0.714306, 0.716366, 0.691098, 0.696429
0.728424, 0.730615, 0.705409, 0.710764
0.744449, 0.746692, 0.721623, 0.726948
0.763946, 0.766124, 0.741316, 0.746507
0.789744, 0.791682, 0.767377, 0.772277
0.805, 0.80646, 0.782844, 0.787447
0.805, 0.805784, 0.782912, 0.787352
0.80436, 0.804981, 0.782403, 0.787132
0.803636, 0.805227, 0.782348, 0.787706
0.803923, 0.807445, 0.783825, 0.790093
0.805, 0.810428, 0.786338, 0.793342
0.805, 0.812369, 0.788215, 0.795593
0.80292, 0.812214, 0.788776, 0.795768
0.805, 0.816255, 0.793567, 0.800158
0.805, 0.818144, 0.796185, 0.802369
0.805, 0.819821, 0.79848, 0.804297
0.805, 0.821356, 0.800519, 0.806002
0.805, 0.822626, 0.802113, 0.807324
0.803702, 0.822319, 0.80192, 0.806919
0.804069, 0.823269, 0.80277, 0.807656
0.804455, 0.823913, 0.803093, 0.807931
0.804531, 0.823834, 0.802497, 0.807356
0.805, 0.823813, 0.801871, 0.806801
0.802463, 0.82039, 0.797763, 0.802794
0.775448, 0.791781, 0.768447, 0.773589
0.760275, 0.775066, 0.751104, 0.756347
0.744201, 0.757394, 0.732928, 0.738246
0.728755, 0.7403, 0.715434, 0.720803
0.714747, 0.724822, 0.699699, 0.705088
0.693458, 0.701994, 0.676702, 0.682088
0.686214, 0.693266, 0.667868, 0.673232
0.672676, 0.678332, 0.652914, 0.658236
0.658863, 0.663374, 0.637984, 0.643259
0.644465, 0.647929, 0.622597, 0.62782
0.627779, 0.630229, 0.604976, 0.610141
0.606826, 0.608446, 0.583274, 0.588387
0.589999, 0.590994, 0.565889, 0.57096
0.570384, 0.570881, 0.54583, 0.550866
0.565583, 0.565775, 0.540757, 0.545771
0.565828, 0.565874, 0.540869, 0.545872
0.56508, 0.565082, 0.540082, 0.545082
0.573192, 0.573387, 0.54858, 0.553531
0.592354, 0.593162, 0.568968, 0.573763
0.661625, 0.663436, 0.640143, 0.644689
0.674211, 0.677191, 0.654739, 0.659001
0.706094, 0.71051, 0.688592, 0.692532
0.721394, 0.727105, 0.704861, 0.708567
0.735139, 0.741925, 0.718326, 0.72193
0.744519, 0.752093, 0.72616, 0.729799
0.750834, 0.759129, 0.73075, 0.734505
0.754117, 0.762785, 0.732499, 0.735905
0.754507, 0.763209, 0.733234, 0.735681
0.751836, 0.760217, 0.731896, 0.734088
0.745758, 0.753451, 0.726756, 0.728944
0.735403, 0.742089, 0.716609, 0.718978
0.724176, 0.729714, 0.704927, 0.70762
0.708324, 0.712563, 0.688053, 0.691206
0.684718, 0.687531, 0.663082, 0.666827
0.649819, 0.651433, 0.626771, 0.631041
0.573311, 0.574, 0.54909, 0.553775
0.567016, 0.567193, 0.542183, 0.547102
0.566307, 0.566332, 0.54135, 0.546339
0.569614, 0.569668, 0.544822, 0.549792
0.584222, 0.584495, 0.560399, 0.565241
0.638096, 0.638775, 0.615941, 0.620556
0.664528, 0.66575, 0.644325, 0.648663
0.695852, 0.69779, 0.6775, 0.681531
0.717301, 0.719994, 0.699971, 0.70377
0.731002, 0.734304, 0.713877, 0.717587
0.74155, 0.745374, 0.723628, 0.727377
0.748712, 0.752941, 0.728963, 0.732894
0.752671, 0.757135, 0.730511, 0.734749
0.753673, 0.758195, 0.730114, 0.734839
0.751475, 0.755868, 0.729078, 0.733633
0.7463, 0.750395, 0.724976, 0.729428
0.737303, 0.740905, 0.716554, 0.720959
0.723333, 0.726424, 0.702868, 0.707266
0.709164, 0.711637, 0.688309, 0.692774
0.687926, 0.689685, 0.666108, 0.670714
0.655279, 0.656375, 0.632321, 0.637078
0.603329, 0.603875, 0.579336, 0.584219
0.578291, 0.578492, 0.553641, 0.558601
0.567566, 0.56761, 0.542643, 0.547634
0.598329, 0.598705, 0.573686, 0.578696
0.588242, 0.588893, 0.563852, 0.568869
0.599577, 0.600595, 0.575531, 0.580558
0.612011, 0.613418, 0.588335, 0.593373
0.622429, 0.624212, 0.599118, 0.604167
0.630877, 0.632999, 0.607907, 0.612966
0.637176, 0.639562, 0.614486, 0.619553
0.642008, 0.644562, 0.619513, 0.624587
0.644423, 0.64704, 0.622026, 0.627103
0.646102, 0.648682, 0.623708, 0.628785
0.645031, 0.647471, 0.622533, 0.627606
0.641736, 0.643937, 0.619029, 0.624096
0.636337, 0.638246, 0.613351, 0.618409
0.628384, 0.629926, 0.60503, 0.610077
0.619283, 0.620484, 0.595572, 0.600608
0.60942, 0.610308, 0.585374, 0.590401
0.596893, 0.597461, 0.572498, 0.577515
0.582039, 0.582355, 0.55737, 0.562379
0.567667, 0.567792, 0.542792, 0.547795
0.565357, 0.565381, 0.540379, 0.545379
0.565032, 0.565034, 0.540035, 0.545035
0.571678, 0.571841, 0.546987, 0.551785
0.586554, 0.587247, 0.562834, 0.566949
0.645067, 0.646748, 0.623122, 0.625982
0.674379, 0.677597, 0.655035, 0.655953
0.701579, 0.706426, 0.684752, 0.683659
0.724335, 0.731117, 0.710121, 0.706705
0.740056, 0.748841, 0.72805, 0.722457
0.751737, 0.762355, 0.741247, 0.733882
0.760049, 0.772328, 0.750592, 0.741676
0.763935, 0.777357, 0.755395, 0.745634
0.763638, 0.777605, 0.755445, 0.746886
0.758611, 0.772381, 0.749917, 0.743749
0.748371, 0.760467, 0.737709, 0.733316
0.730386, 0.739982, 0.716833, 0.714551
0.714816, 0.722084, 0.69854, 0.698221
0.692323, 0.697342, 0.67339, 0.674795
0.657818, 0.660859, 0.636528, 0.639357
0.582671, 0.584126, 0.559472, 0.56341
0.573331, 0.573824, 0.548952, 0.553578
0.568141, 0.568232, 0.543251, 0.548189
0.565355, 0.565364, 0.540364, 0.54536
0.566931, 0.566976, 0.542038, 0.547077
0.571139, 0.571307, 0.54655, 0.551701
0.587648, 0.588008, 0.563532, 0.568857
0.599731, 0.600341, 0.576228, 0.581776
0.614673, 0.615613, 0.591977, 0.597814
0.6286, 0.629931, 0.606858, 0.613033
0.644086, 0.645865, 0.623425, 0.629976
0.657364, 0.659687, 0.638012, 0.645005
0.670163, 0.673094, 0.652259, 0.659722
0.68303, 0.686686, 0.666834, 0.674823
0.694931, 0.699391, 0.680607, 0.689134
0.705444, 0.71073, 0.693027, 0.702054
0.717144, 0.723476, 0.70711, 0.71669
0.726204, 0.733502, 0.718349, 0.728357
0.734951, 0.743258, 0.729349, 0.739716
0.742989, 0.752322, 0.739655, 0.750295
0.750743, 0.761126, 0.749712, 0.760531
0.75687, 0.768144, 0.757778, 0.768669
0.756598, 0.767869, 0.757498, 0.768388
0.756591, 0.767861, 0.757491, 0.76838
0.75659, 0.767861, 0.757491, 0.76838
0.75659, 0.767861, 0.757491, 0.76838
0.75659, 0.767861, 0.757491, 0.76838
0.75659, 0.767861, 0.757491, 0.76838
0.75659, 0.767861, 0.757491, 0.76838
0.573638, 0.573646, 0.548655, 0.553659
0.56533, 0.565337, 0.540346, 0.54535
0.565315, 0.565322, 0.540331, 0.545335
0.565315, 0.565322, 0.540331, 0.545335
0.565315, 0.565322, 0.540331, 0.545335
0.565315, 0.565322, 0.540331, 0.545335
0.565315, 0.565322, 0.540331, 0.545335
0.565315, 0.565322, 0.540331, 0.545335
0.565315, 0.565322, 0.540331, 0.545335
0.565315, 0.565322, 0.540331, 0.545335
0.566164, 0.566196, 0.541237, 0.546255
0.569002, 0.569135, 0.544312, 0.549386
0.580353, 0.580647, 0.556041, 0.561205
0.590714, 0.591244, 0.566956, 0.572252
0.604128, 0.604983, 0.581129, 0.586602
0.616099, 0.617316, 0.593948, 0.599616
0.630481, 0.632142, 0.609362, 0.61526
0.642051, 0.644206, 0.622078, 0.628224
0.653386, 0.656074, 0.634645, 0.641045
0.664225, 0.667515, 0.646869, 0.653537
0.674302, 0.678238, 0.658423, 0.665355
0.685575, 0.69033, 0.671556, 0.678787
0.69386, 0.699348, 0.681494, 0.688955
0.701833, 0.708079, 0.691166, 0.698825
0.709611, 0.716684, 0.700779, 0.708606
0.715904, 0.723734, 0.708733, 0.716667
0.715832, 0.723662, 0.70866, 0.716594
0.715828, 0.723658, 0.708656, 0.71659
0.715828, 0.723658, 0.708656, 0.71659
0.715828, 0.723658, 0.708656, 0.71659
0.715828, 0.723658, 0.708656, 0.71659
0.715828, 0.723658, 0.708656, 0.71659
0.572855, 0.572858, 0.547861, 0.552863
0.565154, 0.565158, 0.540161, 0.545162
0.565139, 0.565142, 0.540145, 0.545147
0.565139, 0.565142, 0.540145, 0.545147
0.565139, 0.565142, 0.540145, 0.545147
0.565139, 0.565142, 0.540145, 0.545147
0.565139, 0.565142, 0.540145, 0.545147
0.565139, 0.565142, 0.540145, 0.545147
0.565139, 0.565142, 0.540145, 0.545147
0.565139, 0.565142, 0.540145, 0.545147
0.566188, 0.566225, 0.541272, 0.546286
0.568749, 0.568888, 0.544066, 0.54912
0.579289, 0.579591, 0.554982, 0.560099
0.588318, 0.588843, 0.564527, 0.569731
0.598996, 0.599793, 0.575832, 0.581141
0.61118, 0.61235, 0.588872, 0.59432
0.624469, 0.626066, 0.603139, 0.60874
0.635438, 0.637508, 0.615188, 0.620953
0.646775, 0.646897, 0.623656, 0.629038
0.656361, 0.65654, 0.633639, 0.639077
0.665306, 0.665559, 0.642996, 0.648479
0.674035, 0.674389, 0.652179, 0.657697
0.682221, 0.682704, 0.660847, 0.666384
0.689555, 0.690194, 0.668665, 0.6742
0.696604, 0.697438, 0.676231, 0.681742
0.702858, 0.703917, 0.682993, 0.688454
0.708555, 0.709872, 0.689195, 0.694581
0.713585, 0.715186, 0.694707, 0.699995
0.718304, 0.720233, 0.699911, 0.705071
0.722099, 0.724354, 0.704126, 0.709149
0.726194, 0.728812, 0.708629, 0.713563
0.729962, 0.733019, 0.712809, 0.717801
0.732589, 0.736054, 0.715744, 0.720793
0.734721, 0.738605, 0.718117, 0.723227
0.736292, 0.740596, 0.719848, 0.72502
0.737221, 0.74191, 0.720842, 0.726068
0.737575, 0.742631, 0.721167, 0.726443
0.73732, 0.74271, 0.720781, 0.726101
0.736586, 0.742273, 0.719805, 0.72516
0.735064, 0.740981, 0.717945, 0.723324
0.732918, 0.738995, 0.71537, 0.72076
0.729834, 0.736002, 0.711719, 0.717108
0.726061, 0.732224, 0.707319, 0.712695
0.721657, 0.72772, 0.702255, 0.707606
0.71682, 0.722707, 0.696777, 0.702098
0.71184, 0.7175, 0.691218, 0.696508
0.706311, 0.711683, 0.685124, 0.690381
0.700099, 0.705141, 0.678387, 0.683609
0.690017, 0.694651, 0.667784, 0.672971
0.684306, 0.688545, 0.661637, 0.666794
0.678504, 0.68229, 0.65543, 0.660538
0.670304, 0.673639, 0.646987, 0.651958
0.661036, 0.6639, 0.63748, 0.642351
0.578772, 0.578904, 0.553884, 0.558893
0.586049, 0.586932, 0.561814, 0.566874
0.65022, 0.652579, 0.627213, 0.632376
0.678684, 0.683157, 0.657262, 0.662583
0.713804, 0.720971, 0.693989, 0.699534
0.745606, 0.755905, 0.72693, 0.732773
0.779338, 0.792928, 0.76153, 0.767063
0.805, 0.821782, 0.789011, 0.791969
0.805, 0.824093, 0.790497, 0.789658
0.804542, 0.825328, 0.792086, 0.786709
0.804513, 0.826258, 0.794521, 0.785852
0.805, 0.826686, 0.796685, 0.787154
0.805, 0.825493, 0.797266, 0.788238
0.766862, 0.784485, 0.757652, 0.750381
0.75101, 0.76526, 0.739428, 0.734356
0.726294, 0.736879, 0.711528, 0.708971
0.689969, 0.696786, 0.671609, 0.671711
0.635295, 0.639191, 0.614039, 0.616233
0.561525, 0.563171, 0.538049, 0.541864
0.567555, 0.568007, 0.542947, 0.547623
0.566132, 0.56619, 0.541199, 0.546157
0.56976, 0.570015, 0.545133, 0.549931
0.586726, 0.588146, 0.563935, 0.567803
0.661212, 0.664739, 0.641584, 0.643786
0.684171, 0.690254, 0.668223, 0.668425
0.72508, 0.734617, 0.713414, 0.710991
0.748807, 0.761447, 0.739892, 0.735236
0.766358, 0.780969, 0.758023, 0.752076
0.783849, 0.79971, 0.774413, 0.767844
0.793101, 0.809143, 0.78104, 0.775019
0.796073, 0.811376, 0.780724, 0.777436
0.789879, 0.803569, 0.77157, 0.772305
0.777541, 0.789197, 0.75784, 0.760954
0.763447, 0.773045, 0.74266, 0.747607
0.73777, 0.744854, 0.716146, 0.721832
0.723465, 0.728414, 0.701385, 0.706826
0.70027, 0.703453, 0.677372, 0.682635
0.664573, 0.666334, 0.640795, 0.64593
0.58148, 0.582297, 0.557039, 0.562097
0.5662, 0.566376, 0.541308, 0.546319
0.566447, 0.566499, 0.541489, 0.546493
0.565304, 0.565312, 0.540311, 0.545312
0.566701, 0.566739, 0.541715, 0.546713
0.570476, 0.570608, 0.545524, 0.550518
0.58599, 0.586265, 0.561089, 0.566078
0.598798, 0.599276, 0.573971, 0.578953
0.614759, 0.615507, 0.590036, 0.595007
0.63348, 0.634615, 0.608917, 0.613875
0.647684, 0.649167, 0.62328, 0.628226
0.660591, 0.662451, 0.63638, 0.641314
0.671973, 0.674205, 0.647976, 0.6529
0.683545, 0.686176, 0.659813, 0.664728
0.694125, 0.697142, 0.670696, 0.675602
0.704165, 0.707548, 0.681081, 0.685982
0.713629, 0.717342, 0.690931, 0.695828
0.722768, 0.726765, 0.700502, 0.705396
0.731182, 0.735385, 0.709365, 0.714257
0.739541, 0.743864, 0.718199, 0.723087
0.746559, 0.750898, 0.725634, 0.730515
0.753607, 0.757857, 0.733087, 0.737957
0.760406, 0.764447, 0.740244, 0.745097
0.766423, 0.770153, 0.746528, 0.751357
0.772528, 0.775845, 0.752811, 0.757611
0.777611, 0.780446, 0.75797, 0.762737
0.78246, 0.784688, 0.762789, 0.767559
0.786139, 0.787709, 0.766331, 0.771325
0.788624, 0.789498, 0.768594, 0.773866
0.789736, 0.790228, 0.769458, 0.774956
0.789359, 0.78998, 0.768844, 0.774493
0.787616, 0.788969, 0.766872, 0.772612
0.784686, 0.786882, 0.763814, 0.769499
0.780725, 0.783695, 0.75972, 0.765317
0.775919, 0.779569, 0.754751, 0.760261
0.770607, 0.774802, 0.749262, 0.754691
0.765052, 0.76965, 0.743525, 0.74888
0.759056, 0.763939, 0.737334, 0.742618
0.751995, 0.757044, 0.730045, 0.735257
0.745335, 0.750403, 0.723183, 0.728339
0.738199, 0.743176, 0.715833, 0.72094
0.73043, 0.735208, 0.707837, 0.712901
0.722402, 0.726912, 0.699591, 0.704621
0.712098, 0.716256, 0.689055, 0.694056
0.699878, 0.703626, 0.676597, 0.681576
0.69406, 0.697386, 0.670556, 0.675523
0.684096, 0.686971, 0.660368, 0.665326
0.672418, 0.674823, 0.648466, 0.65342
0.657788, 0.659654, 0.633589, 0.638542
0.642538, 0.643943, 0.618133, 0.62309
0.624572, 0.62553, 0.599971, 0.604935
0.607387, 0.608026, 0.582649, 0.587619
0.588339, 0.588712, 0.563488, 0.568467
0.569519, 0.569712, 0.544594, 0.54958
0.565348, 0.565419, 0.540374, 0.545367
0.565706, 0.56572, 0.540711, 0.545711
0.565065, 0.565066, 0.540066, 0.545066
0.576498, 0.57651, 0.55171, 0.556676
0.620235, 0.620283, 0.596048, 0.600941
0.654663, 0.654763, 0.631234, 0.636025
0.68218, 0.682355, 0.659541, 0.664195
0.707143, 0.707425, 0.68513, 0.689608
0.725652, 0.726086, 0.703857, 0.708119
0.740116, 0.740739, 0.717977, 0.722021
0.752122, 0.752977, 0.730047, 0.733002
0.76099, 0.762111, 0.739287, 0.741871
0.765813, 0.766917, 0.744201, 0.747342
0.765808, 0.766813, 0.744116, 0.747894
0.760394, 0.761245, 0.738715, 0.742855
0.751023, 0.751699, 0.729338, 0.733612
0.734723, 0.73521, 0.712743, 0.71717
0.721039, 0.721366, 0.698556, 0.703127
0.702428, 0.702639, 0.679337, 0.684034
0.673944, 0.674067, 0.650206, 0.655015
0.630856, 0.630918, 0.60653, 0.611431
0.572774, 0.572799, 0.548048, 0.553008
0.566727, 0.566733, 0.541785, 0.546777
0.566717, 0.566719, 0.541743, 0.546739
0.566352, 0.566357, 0.541371, 0.546365
0.578865, 0.578917, 0.554149, 0.559067
0.625266, 0.625411, 0.601082, 0.60584
0.654093, 0.654358, 0.630619, 0.635147
0.683771, 0.684168, 0.66111, 0.665328
0.711023, 0.711525, 0.689093, 0.692941
0.727502, 0.728046, 0.706018, 0.709502
0.742926, 0.743444, 0.721739, 0.724703
0.755035, 0.755448, 0.734324, 0.736357
0.762981, 0.76322, 0.742828, 0.743961
0.766401, 0.766484, 0.746595, 0.74745
0.764147, 0.764315, 0.744415, 0.745421
0.756621, 0.756989, 0.73665, 0.738188
0.745165, 0.745368, 0.725016, 0.727405
0.722939, 0.722999, 0.7024, 0.705346
0.710466, 0.710485, 0.689169, 0.692629
0.687357, 0.687383, 0.665049, 0.668974
0.653936, 0.653962, 0.630586, 0.634914
0.603543, 0.603557, 0.579332, 0.58398
0.566388, 0.566392, 0.541621, 0.546495
0.568157, 0.568159, 0.543214, 0.548194
0.565357, 0.565357, 0.540363, 0.545362
0.56661, 0.566631, 0.541626, 0.546629
0.571006, 0.571091, 0.546071, 0.551084
0.58618, 0.586363, 0.561317, 0.566346
0.599308, 0.59963, 0.574549, 0.579598
0.614138, 0.614636, 0.589512, 0.594589
0.631074, 0.631786, 0.606614, 0.611724
0.647063, 0.648009, 0.62279, 0.627937
0.66295, 0.664158, 0.638897, 0.644085
0.677395, 0.678864, 0.653572, 0.658803
0.692727, 0.694466, 0.669163, 0.674438
0.707109, 0.709075, 0.683788, 0.689102
0.722385, 0.724529, 0.699291, 0.704638
0.737983, 0.740217, 0.715082, 0.720428
0.756385, 0.758604, 0.733683, 0.738938
0.777789, 0.779851, 0.755291, 0.760334
0.797481, 0.799195, 0.775235, 0.779968
0.805, 0.806127, 0.78289, 0.787383
0.804646, 0.80528, 0.782571, 0.787109
0.804133, 0.8049, 0.782331, 0.787235
0.803525, 0.805379, 0.782383, 0.787855
0.803942, 0.807365, 0.783781, 0.790001
0.805, 0.810178, 0.786127, 0.793055
0.805, 0.812108, 0.787939, 0.795289
0.802933, 0.811965, 0.788427, 0.795473
0.805, 0.816071, 0.793312, 0.799942
0.805, 0.817971, 0.795947, 0.802168
0.805, 0.819633, 0.798225, 0.804083
0.805, 0.821195, 0.800309, 0.805827
0.805, 0.822605, 0.802087, 0.807303
0.803651, 0.822162, 0.801762, 0.806783
0.804025, 0.823173, 0.802696, 0.807592
0.804378, 0.823814, 0.803081, 0.807922
0.804359, 0.823751, 0.802595, 0.807441
0.805, 0.824051, 0.802361, 0.807258
0.805, 0.823382, 0.801066, 0.80605
0.78897, 0.806137, 0.783157, 0.788243
0.764797, 0.780161, 0.756422, 0.761629
0.750987, 0.764903, 0.740652, 0.745939
0.736048, 0.748402, 0.723719, 0.729066
0.720847, 0.731546, 0.70652, 0.711904
0.703381, 0.712469, 0.687223, 0.692614
0.692308, 0.699915, 0.674542, 0.679917
0.67812, 0.684238, 0.658818, 0.664156
0.663046, 0.667849, 0.642448, 0.647736
0.647662, 0.651318, 0.625973, 0.631206
0.630277, 0.632852, 0.607588, 0.61276
0.612479, 0.61419, 0.589008, 0.594127
0.591844, 0.592866, 0.567758, 0.57283
0.568413, 0.568928, 0.543875, 0.548913
0.565056, 0.565242, 0.540225, 0.545239
0.565829, 0.565871, 0.540867, 0.54587
0.56508, 0.565082, 0.540082, 0.545082
0.575368, 0.575623, 0.550877, 0.555813
0.597724, 0.598609, 0.57449, 0.579266
0.662367, 0.664272, 0.641058, 0.64558
0.676792, 0.679886, 0.6575, 0.661735
0.705639, 0.710077, 0.68816, 0.692095
0.723536, 0.729375, 0.707041, 0.710728
0.735901, 0.742763, 0.719001, 0.722603
0.744989, 0.752615, 0.72655, 0.730192
0.750889, 0.759195, 0.730766, 0.734521
0.754198, 0.762875, 0.732537, 0.735928
0.754458, 0.763153, 0.733232, 0.735642
0.751832, 0.760213, 0.731892, 0.734084
0.745616, 0.753292, 0.726625, 0.728815
0.736502, 0.743277, 0.71772, 0.720068
0.724506, 0.730046, 0.705259, 0.707952
0.708445, 0.712685, 0.688175, 0.691328
0.685703, 0.688595, 0.664151, 0.667862
0.652336, 0.654102, 0.629474, 0.633676
0.575401, 0.576257, 0.551385, 0.555994
0.568608, 0.568905, 0.543912, 0.548776
0.568326, 0.568388, 0.543408, 0.54838
0.565927, 0.565936, 0.54096, 0.545955
0.57872, 0.578903, 0.554494, 0.559389
0.623192, 0.623701, 0.600353, 0.605062
0.65102, 0.65198, 0.629931, 0.634398
0.678327, 0.679861, 0.659038, 0.663233
0.705979, 0.70824, 0.688159, 0.692079
0.722754, 0.725687, 0.705616, 0.709367
0.735804, 0.73933, 0.718478, 0.722188
0.745292, 0.749318, 0.726663, 0.730475
0.75072, 0.755077, 0.72989, 0.733958
0.753585, 0.758101, 0.730478, 0.734991
0.752962, 0.757442, 0.729867, 0.734483
0.748998, 0.753246, 0.727253, 0.731744
0.742296, 0.74617, 0.721336, 0.725756
0.729812, 0.733108, 0.709322, 0.713714
0.714768, 0.717425, 0.694093, 0.698532
0.69495, 0.69689, 0.67341, 0.677976
0.661111, 0.662315, 0.638348, 0.643081
0.591055, 0.591623, 0.5671, 0.571978
0.57302, 0.573196, 0.548324, 0.553289
0.567838, 0.567878, 0.542911, 0.547903
0.600132, 0.600516, 0.575497, 0.580508
0.588213, 0.588856, 0.563816, 0.568833
0.598388, 0.599371, 0.574308, 0.579335
0.610179, 0.611525, 0.586444, 0.59148
0.620461, 0.62217, 0.597077, 0.602124
0.628964, 0.631011, 0.605917, 0.610974
0.635533, 0.637851, 0.612769, 0.617834
0.639713, 0.642219, 0.61716, 0.622232
0.644173, 0.64678, 0.621753, 0.626829
0.647373, 0.649994, 0.625001, 0.630078
0.645906, 0.648423, 0.623469, 0.628545
0.643821, 0.646165, 0.621242, 0.626313
0.640052, 0.642154, 0.617252, 0.622316
0.634244, 0.63605, 0.611156, 0.616212
0.62697, 0.62846, 0.603562, 0.608607
0.617944, 0.6191, 0.594184, 0.59922
0.607145, 0.607964, 0.583024, 0.588049
0.595847, 0.596396, 0.571432, 0.576448
0.581783, 0.582099, 0.557114, 0.562123
0.567304, 0.567443, 0.542443, 0.547447
0.565247, 0.565279, 0.540275, 0.545275
0.565117, 0.565126, 0.540129, 0.545129
0.57019, 0.570311, 0.54542, 0.550272
0.583746, 0.584326, 0.55982, 0.564081
0.63743, 0.638904, 0.61512, 0.618242
0.660622, 0.663204, 0.640225, 0.64194
0.687461, 0.691462, 0.669359, 0.669305
0.711832, 0.717477, 0.696136, 0.694071
0.730465, 0.73799, 0.71713, 0.712872
0.743181, 0.752465, 0.731638, 0.725544
0.754062, 0.765098, 0.743837, 0.736099
0.76099, 0.773537, 0.751721, 0.742567
0.764286, 0.77787, 0.755879, 0.746188
0.763208, 0.777194, 0.754998, 0.746709
0.757891, 0.771601, 0.749104, 0.743192
0.748784, 0.760984, 0.738242, 0.733764
0.736528, 0.746853, 0.723822, 0.720907
0.711669, 0.719959, 0.696599, 0.695423
0.702492, 0.708758, 0.685037, 0.685499
0.674964, 0.679164, 0.65506, 0.657058
0.644573, 0.647077, 0.622639, 0.625845
0.577652, 0.578831, 0.554116, 0.558251
0.565841, 0.566213, 0.541313, 0.546027
0.566819, 0.566897, 0.541913, 0.546861
0.565319, 0.565324, 0.540332, 0.545337
0.567987, 0.56806, 0.543164, 0.548229
0.578615, 0.578824, 0.554127, 0.559315
0.589754, 0.590164, 0.56576, 0.571128
0.604442, 0.605152, 0.581184, 0.58682
0.619037, 0.620089, 0.596614, 0.602549
0.633483, 0.634936, 0.612036, 0.618316
0.64791, 0.649836, 0.627605, 0.634278
0.660133, 0.662583, 0.641084, 0.648177
0.672207, 0.67525, 0.654566, 0.662113
0.683043, 0.686713, 0.66688, 0.674879
0.693666, 0.698043, 0.679152, 0.687626
0.70348, 0.70861, 0.690704, 0.69964
0.712794, 0.718736, 0.701876, 0.71126
0.721464, 0.728262, 0.712485, 0.722281
0.72942, 0.737089, 0.722396, 0.732546
0.73753, 0.746161, 0.732647, 0.74311
0.745161, 0.754785, 0.742468, 0.753167
0.751325, 0.761811, 0.75052, 0.761351
0.751084, 0.761567, 0.750273, 0.761102
0.751077, 0.76156, 0.750265, 0.761095
0.751077, 0.76156, 0.750265, 0.761094
0.751077, 0.76156, 0.750265, 0.761094
0.751077, 0.76156, 0.750265, 0.761094
0.751077, 0.76156, 0.750265, 0.761094
0.751077, 0.76156, 0.750265, 0.761094
0.570037, 0.570054, 0.545075, 0.550084
0.565661, 0.565677, 0.540698, 0.545707
0.565653, 0.565669, 0.54069, 0.545699
0.565653, 0.565669, 0.54069, 0.545699
0.565653, 0.565669, 0.54069, 0.545699
0.565653, 0.565669, 0.54069, 0.545699
0.565653, 0.565669, 0.54069, 0.545699
0.565653, 0.565669, 0.54069, 0.545699
0.565653, 0.565669, 0.54069, 0.545699
0.565007, 0.565007, 0.540007, 0.545007
0.566724, 0.566774, 0.541838, 0.546867
0.570225, 0.570397, 0.545627, 0.550729
0.583737, 0.584094, 0.559574, 0.564785
0.594066, 0.594665, 0.570474, 0.575828
0.60682, 0.607729, 0.583955, 0.589488
0.619246, 0.620539, 0.597281, 0.603031
0.632713, 0.63443, 0.611738, 0.617721
0.644187, 0.646386, 0.624331, 0.63057
0.654529, 0.65723, 0.635836, 0.642328
0.665106, 0.668389, 0.647755, 0.654523
0.674718, 0.678609, 0.658761, 0.665797
0.684056, 0.688619, 0.66963, 0.676935
0.6924, 0.697647, 0.679528, 0.687076
0.700385, 0.706363, 0.689158, 0.696929
0.707742, 0.714471, 0.698194, 0.706154
0.714853, 0.722383, 0.707078, 0.71519
0.720041, 0.728227, 0.713705, 0.721905
0.720029, 0.728215, 0.713693, 0.721893
0.720028, 0.728214, 0.713692, 0.721892
0.720028, 0.728214, 0.713692, 0.721892
0.720028, 0.728214, 0.713692, 0.721892
0.720028, 0.728214, 0.713692, 0.721892
0.720028, 0.728214, 0.713692, 0.721892
0.720028, 0.728214, 0.713692, 0.721892
0.568727, 0.568745, 0.543768, 0.548775
0.565627, 0.565645, 0.540667, 0.545674
0.565621, 0.565639, 0.540661, 0.545668
0.565621, 0.565639, 0.540661, 0.545668
0.565621, 0.565639, 0.540661, 0.545668
0.565621, 0.565639, 0.540661, 0.545668
0.565621, 0.565639, 0.540661, 0.545668
0.565621, 0.565639, 0.540661, 0.545668
0.565621, 0.565639, 0.540661, 0.545668
0.565507, 0.565521, 0.540538, 0.545544
0.567526, 0.567613, 0.542726, 0.547761
0.575918, 0.576143, 0.551435, 0.556527
0.583589, 0.583993, 0.55952, 0.564685
0.593059, 0.593702, 0.569543, 0.574804
0.604259, 0.6052, 0.58143, 0.586809
0.614398, 0.615674, 0.592342, 0.597851
0.6275, 0.6292, 0.606415, 0.612083
0.638506, 0.640695, 0.618537, 0.624379
0.648153, 0.650827, 0.629289, 0.635295
0.658375, 0.66162, 0.640804, 0.646989
0.667908, 0.671771, 0.651729, 0.658089
0.676307, 0.676614, 0.654539, 0.66012
0.683811, 0.684234, 0.662491, 0.668093
0.691079, 0.691651, 0.670241, 0.675846
0.697714, 0.698465, 0.677367, 0.682954
0.704076, 0.705049, 0.684247, 0.689789
0.70993, 0.711166, 0.690627, 0.696094
0.715016, 0.716536, 0.696207, 0.701577
0.719699, 0.721544, 0.70138, 0.706623
0.723744, 0.725934, 0.705877, 0.710973
0.72801, 0.730587, 0.710583, 0.71554
0.73134, 0.734307, 0.714287, 0.719251
0.734131, 0.737525, 0.717413, 0.722438
0.736343, 0.740168, 0.719887, 0.724976
0.737912, 0.742146, 0.72163, 0.726779
0.738926, 0.743554, 0.722731, 0.727938
0.739379, 0.744377, 0.723182, 0.728442
0.739269, 0.744605, 0.722977, 0.728283
0.738757, 0.744396, 0.722273, 0.727618
0.73745, 0.743348, 0.720666, 0.72604
0.735529, 0.741621, 0.718352, 0.723743
0.73312, 0.739331, 0.715488, 0.720885
0.729749, 0.736011, 0.71152, 0.716911
0.726385, 0.732618, 0.707623, 0.713
0.722446, 0.728581, 0.7031, 0.708455
0.717896, 0.723861, 0.69794, 0.703267
0.712876, 0.718609, 0.692327, 0.697622
0.707151, 0.712584, 0.686011, 0.69127
0.700677, 0.705762, 0.678987, 0.684211
0.690221, 0.694887, 0.667999, 0.673188
0.684875, 0.689148, 0.662221, 0.66738
0.679345, 0.683183, 0.656301, 0.661414
0.671116, 0.674494, 0.647821, 0.652796
0.662277, 0.665207, 0.638754, 0.643631
0.662277, 11.7397, 15.8984, 16.3264
0.592484, 0.592814, 0.567768, 0.57279
0.575503, 0.575818, 0.550774, 0.555796
0.574037, 0.57435, 0.549307, 0.554328
0.573973, 0.574287, 0.549243, 0.554265
0.573971, 0.574284, 0.549241, 0.554262
0.57397, 0.574284, 0.549241, 0.554262
0.57397, 0.574284, 0.549241, 0.554262
0.57397, 0.574284, 0.549241, 0.554262
0.569445, 0.569583, 0.544562, 0.549572
0.584535, 0.585345, 0.560236, 0.565291
0.645345, 0.647539, 0.622203, 0.627355
0.672262, 0.676327, 0.650551, 0.655842
0.706177, 0.712691, 0.686017, 0.691505
0.735615, 0.74494, 0.716671, 0.722417
0.767029, 0.779515, 0.748878, 0.754674
0.796409, 0.812102, 0.779769, 0.7838
0.805, 0.8233, 0.789974, 0.79066
0.804596, 0.824775, 0.791253, 0.787481
0.804482, 0.825959, 0.793568, 0.785952
0.804645, 0.826473, 0.795715, 0.786226
0.805, 0.82619, 0.797152, 0.787787
0.786819, 0.805938, 0.778497, 0.770287
0.746508, 0.762426, 0.736109, 0.729943
0.735733, 0.748764, 0.72311, 0.718868
0.713956, 0.723616, 0.698319, 0.696411
0.679049, 0.685233, 0.660064, 0.660617
0.58443, 0.587588, 0.562425, 0.565152
0.565282, 0.566709, 0.541596, 0.545569
0.568014, 0.56839, 0.543343, 0.548074
0.565633, 0.565662, 0.540668, 0.545646
0.57299, 0.573445, 0.54867, 0.55331
0.587941, 0.589459, 0.565304, 0.569095
0.659021, 0.662487, 0.639305, 0.641554
0.679706, 0.685439, 0.663278, 0.663751
0.71344, 0.721943, 0.700589, 0.698941
0.735603, 0.746734, 0.725529, 0.72194
0.756869, 0.770461, 0.748414, 0.743116
0.773571, 0.788793, 0.76499, 0.758691
0.789213, 0.805293, 0.77888, 0.772324
0.794237, 0.81008, 0.780958, 0.775737
0.795636, 0.810457, 0.77912, 0.777271
0.785763, 0.798838, 0.766861, 0.768485
0.774279, 0.785418, 0.754298, 0.757963
0.758634, 0.767592, 0.737529, 0.742866
0.729559, 0.73627, 0.707871, 0.713515
0.719685, 0.724506, 0.697552, 0.702979
0.698577, 0.701753, 0.675674, 0.680936
0.665002, 0.666862, 0.641289, 0.646433
0.581029, 0.581814, 0.556565, 0.561621
0.571726, 0.571982, 0.546889, 0.551906
0.568215, 0.568283, 0.543265, 0.54827
0.565044, 0.565045, 0.540044, 0.545044
0.567447, 0.567503, 0.542468, 0.547465
0.576228, 0.576388, 0.551285, 0.556279
0.587948, 0.588257, 0.563059, 0.568047
0.600704, 0.601215, 0.575889, 0.580869
0.616982, 0.61777, 0.592275, 0.597245
0.630257, 0.631336, 0.60567, 0.610629
0.646196, 0.64763, 0.621769, 0.626716
0.658121, 0.65991, 0.633872, 0.638808
0.670188, 0.672358, 0.646153, 0.651079
0.681808, 0.684378, 0.658033, 0.662949
0.692269, 0.695219, 0.668783, 0.673691
0.702485, 0.705808, 0.679339, 0.684241
0.711853, 0.715507, 0.689078, 0.693976
0.720541, 0.724475, 0.698167, 0.703062
0.728047, 0.732183, 0.706063, 0.710956
0.736396, 0.740684, 0.714872, 0.719761
0.74368, 0.748023, 0.722589, 0.727473
0.751027, 0.755325, 0.730359, 0.735234
0.757249, 0.761401, 0.73693, 0.741791
0.76345, 0.767348, 0.743431, 0.748273
0.768762, 0.772329, 0.748951, 0.753768
0.774487, 0.777633, 0.75481, 0.759598
0.779153, 0.781809, 0.759515, 0.76427
0.783562, 0.785615, 0.763865, 0.768673
0.786829, 0.788236, 0.766974, 0.772034
0.789013, 0.789751, 0.768926, 0.774256
0.789771, 0.790251, 0.76944, 0.774977
0.789083, 0.789796, 0.768516, 0.77419
0.787053, 0.788601, 0.76626, 0.772011
0.78389, 0.786265, 0.762992, 0.768657
0.779831, 0.782943, 0.758796, 0.764375
0.774993, 0.77875, 0.753795, 0.75929
0.769199, 0.773516, 0.747806, 0.753214
0.763497, 0.768183, 0.741919, 0.747255
0.757623, 0.762552, 0.735857, 0.741126
0.751082, 0.756139, 0.729106, 0.73431
0.744459, 0.749521, 0.72228, 0.72743
0.737541, 0.742505, 0.715156, 0.720259
0.729903, 0.734666, 0.707296, 0.712358
0.721648, 0.726132, 0.698818, 0.703846
0.711246, 0.715379, 0.688187, 0.693187
0.699532, 0.70327, 0.676246, 0.681225
0.694005, 0.697331, 0.670501, 0.675468
0.684472, 0.687367, 0.660753, 0.665712
0.673125, 0.67556, 0.649188, 0.654141
0.661039, 0.663039, 0.636901, 0.641854
0.647598, 0.649163, 0.623264, 0.628219
0.632864, 0.634036, 0.608356, 0.613316
0.617454, 0.618285, 0.592798, 0.597764
0.597059, 0.597591, 0.572275, 0.577248
0.583857, 0.584172, 0.558982, 0.563963
0.567427, 0.567574, 0.542483, 0.547471
0.565258, 0.565305, 0.540275, 0.545269
0.565397, 0.565406, 0.540401, 0.545401
0.569108, 0.569112, 0.544176, 0.549162
0.585489, 0.585513, 0.560906, 0.565849
0.63711, 0.637174, 0.613168, 0.618028
0.661928, 0.662048, 0.638734, 0.64349
0.689042, 0.689243, 0.666597, 0.671208
0.716006, 0.716344, 0.694149, 0.698543
0.73103, 0.731529, 0.709172, 0.713352
0.745507, 0.74622, 0.723228, 0.72704
0.756704, 0.757677, 0.734809, 0.737248
0.764233, 0.765355, 0.742606, 0.745496
0.766556, 0.767617, 0.744915, 0.748391
0.764131, 0.765076, 0.742426, 0.746403
0.757082, 0.757865, 0.735431, 0.739624
0.746214, 0.746819, 0.724458, 0.728787
0.726213, 0.726643, 0.704074, 0.708551
0.715214, 0.715509, 0.692582, 0.697186
0.694196, 0.694378, 0.67091, 0.675642
0.662267, 0.662371, 0.638353, 0.64319
0.596244, 0.596295, 0.571802, 0.57672
0.57199, 0.57201, 0.547211, 0.552179
0.567525, 0.567529, 0.542569, 0.547563
0.566234, 0.566235, 0.541252, 0.54625
0.572417, 0.572443, 0.547549, 0.552511
0.589346, 0.589448, 0.564924, 0.569755
0.64662, 0.646831, 0.622819, 0.627456
0.670331, 0.67067, 0.647307, 0.651672
0.701807, 0.702274, 0.679614, 0.683612
0.723242, 0.72378, 0.701646, 0.705246
0.739106, 0.739638, 0.717837, 0.720975
0.75258, 0.753025, 0.731717, 0.734021
0.761166, 0.761461, 0.740871, 0.742202
0.765538, 0.765659, 0.745627, 0.746517
0.765978, 0.766068, 0.746248, 0.747134
0.761355, 0.761622, 0.741555, 0.742742
0.752828, 0.753146, 0.732678, 0.734666
0.741333, 0.741496, 0.721145, 0.723667
0.720546, 0.720591, 0.6999, 0.702937
0.708553, 0.708571, 0.68718, 0.690679
0.687832, 0.687858, 0.665525, 0.66945
0.652024, 0.652049, 0.628538, 0.632918
0.578987, 0.579001, 0.554706, 0.559378
0.571915, 0.571919, 0.547165, 0.552031
0.568221, 0.568222, 0.543283, 0.548259
0.565096, 0.565097, 0.540097, 0.545097
0.568145, 0.568187, 0.543177, 0.548184
0.57325, 0.573367, 0.548338, 0.553356
0.59076, 0.590987, 0.56593, 0.570965
0.604147, 0.604524, 0.579429, 0.584487
0.620091, 0.620656, 0.595517, 0.600604
0.636717, 0.637515, 0.612325, 0.617448
0.653727, 0.654771, 0.629535, 0.634698
0.668046, 0.669347, 0.644073, 0.649277
0.68278, 0.684346, 0.659047, 0.664294
0.696476, 0.698281, 0.672979, 0.678265
0.710352, 0.712362, 0.687083, 0.692405
0.724357, 0.726518, 0.70129, 0.70664
0.739977, 0.742215, 0.717099, 0.72244
0.757747, 0.759958, 0.735059, 0.740302
0.779726, 0.78177, 0.757252, 0.762269
0.79748, 0.799194, 0.775234, 0.779967
0.805, 0.806127, 0.78289, 0.787383
0.804638, 0.805268, 0.782565, 0.787107
0.804176, 0.804907, 0.782341, 0.78721
0.803598, 0.805276, 0.782358, 0.787753
0.803969, 0.807261, 0.783726, 0.789881
0.805, 0.810037, 0.78601, 0.792893
0.805, 0.811886, 0.787709, 0.79503
0.802945, 0.811751, 0.788129, 0.79522
0.805, 0.816108, 0.793364, 0.799986
0.805, 0.817936, 0.795899, 0.802127
0.805, 0.819696, 0.79831, 0.804155
0.805, 0.821195, 0.800309, 0.805827
0.805, 0.822475, 0.801931, 0.807173
0.803608, 0.822024, 0.801619, 0.806659
0.803981, 0.823073, 0.802615, 0.807521
0.804351, 0.823776, 0.80307, 0.807913
0.804348, 0.823745, 0.802598, 0.807443
0.805, 0.824041, 0.802339, 0.807238
0.805, 0.823206, 0.800748, 0.805754
0.784049, 0.800923, 0.777815, 0.782921
0.766949, 0.782372, 0.758644, 0.76385
0.751585, 0.765536, 0.741294, 0.74658
0.7364, 0.748787, 0.724111, 0.729457
0.722472, 0.733365, 0.708373, 0.713754
0.706622, 0.715945, 0.690724, 0.696115
0.688265, 0.696069, 0.670717, 0.676094
0.680236, 0.686694, 0.66128, 0.666628
0.66702, 0.6722, 0.646789, 0.652093
0.652565, 0.656588, 0.631222, 0.636474
0.636965, 0.63997, 0.614671, 0.619868
0.619037, 0.621091, 0.595876, 0.601016
0.597848, 0.59913, 0.573994, 0.579084
0.575509, 0.576204, 0.551131, 0.556181
0.565065, 0.56538, 0.540349, 0.545372
0.565666, 0.565743, 0.540737, 0.545742
0.565215, 0.565223, 0.540222, 0.545222
0.575744, 0.57601, 0.551275, 0.556208
0.616898, 0.617837, 0.593764, 0.598527
0.652083, 0.654001, 0.6308, 0.635319
0.679096, 0.682202, 0.659823, 0.664055
0.703566, 0.70794, 0.686013, 0.689961
0.721541, 0.72723, 0.705004, 0.708712
0.734216, 0.740942, 0.717459, 0.721066
0.744059, 0.751579, 0.725776, 0.729413
0.750557, 0.758818, 0.730587, 0.734342
0.753992, 0.762647, 0.732448, 0.735874
0.754573, 0.763282, 0.733229, 0.735736
0.751673, 0.760033, 0.731781, 0.73397
0.745877, 0.753586, 0.726863, 0.729049
0.735401, 0.742087, 0.716607, 0.718975
0.724403, 0.729966, 0.705168, 0.707854
0.708675, 0.712941, 0.688429, 0.691571
0.686112, 0.68903, 0.664588, 0.668288
0.652915, 0.654703, 0.63008, 0.634272
0.606864, 0.607752, 0.582898, 0.587493
0.566367, 0.566654, 0.541659, 0.546527
0.568429, 0.568496, 0.543514, 0.548483
0.56676, 0.566779, 0.541827, 0.546817
0.578356, 0.578534, 0.554106, 0.559004
0.621384, 0.621874, 0.598468, 0.603187
0.65053, 0.651479, 0.6294, 0.633873
0.677747, 0.679267, 0.65842, 0.662621
0.705017, 0.707247, 0.687154, 0.691084
0.726142, 0.729185, 0.709053, 0.712786
0.738726, 0.742396, 0.721168, 0.724889
0.746592, 0.750698, 0.727578, 0.731427
0.751269, 0.755663, 0.730015, 0.73414
0.75368, 0.758203, 0.730415, 0.734985
0.752663, 0.757125, 0.729744, 0.73435
0.748411, 0.752625, 0.726775, 0.731256
0.740727, 0.744511, 0.71986, 0.724272
0.729584, 0.732879, 0.709093, 0.713484
0.713949, 0.716687, 0.693324, 0.697754
0.697487, 0.699555, 0.676128, 0.680668
0.669779, 0.671181, 0.647363, 0.652051
0.639262, 0.640065, 0.615761, 0.620586
0.598693, 0.599042, 0.574325, 0.579252
0.566507, 0.566597, 0.541652, 0.546635
0.566585, 0.566614, 0.541646, 0.546639
