0.000000,0.000000,0.000000,0.000000,0.000000,0.000000,0.000000
0.000262,-0.000870,-0.000180,-0.000223,-0.000133,-0.000266,0.000467
0.001034,-0.003437,-0.000710,-0.000880,-0.000526,-0.001049,0.001841
0.002294,-0.007637,-0.001576,-0.001953,-0.001168,-0.002324,0.004086
0.004021,-0.013411,-0.002761,-0.003423,-0.002049,-0.004068,0.007164
0.006191,-0.020699,-0.004250,-0.005279,-0.003160,-0.006250,0.011034
0.008782,-0.029445,-0.006027,-0.007499,-0.004489,-0.008842,0.015657
0.011772,-0.039581,-0.008077,-0.010068,-0.006028,-0.011814,0.020993
0.015136,-0.051041,-0.010382,-0.012973,-0.007765,-0.015130,0.026993
0.018850,-0.063746,-0.012927,-0.016195,-0.009696,-0.018757,0.033612
0.022890,-0.077610,-0.015696,-0.019722,-0.011806,-0.022657,0.040797
0.027230,-0.092529,-0.018673,-0.023535,-0.014089,-0.026790,0.048493
0.031844,-0.108391,-0.021839,-0.027620,-0.016535,-0.031114,0.056641
0.036707,-0.125071,-0.025181,-0.031961,-0.019134,-0.035588,0.065179
0.041790,-0.142426,-0.028681,-0.036546,-0.021879,-0.040170,0.074039
0.047067,-0.160312,-0.032323,-0.041357,-0.024762,-0.044816,0.083154
0.052511,-0.178564,-0.036091,-0.046382,-0.027770,-0.049486,0.092453
0.058093,-0.197020,-0.039969,-0.051602,-0.030898,-0.054138,0.101865
0.063786,-0.215515,-0.043942,-0.057005,-0.034137,-0.058736,0.111319
0.069563,-0.233884,-0.047995,-0.062578,-0.037476,-0.063245,0.120746
0.075397,-0.251973,-0.052113,-0.068304,-0.040908,-0.067632,0.130082
0.081263,-0.269633,-0.056280,-0.074170,-0.044426,-0.071872,0.139262
0.087134,-0.286736,-0.060485,-0.080159,-0.048020,-0.075942,0.148233
0.092987,-0.303171,-0.064712,-0.086260,-0.051681,-0.079823,0.156944
0.098799,-0.318840,-0.068949,-0.092459,-0.055402,-0.083501,0.165350
0.104548,-0.333672,-0.073184,-0.098740,-0.059174,-0.086967,0.173417
0.110215,-0.347616,-0.077405,-0.105089,-0.062991,-0.090216,0.181114
0.115783,-0.360641,-0.081601,-0.111494,-0.066841,-0.093246,0.188422
0.121233,-0.372732,-0.085762,-0.117941,-0.070720,-0.096057,0.195325
0.126553,-0.383893,-0.089879,-0.124419,-0.074619,-0.098655,0.201816
0.131729,-0.394141,-0.093941,-0.130912,-0.078530,-0.101046,0.207892
0.136751,-0.403507,-0.097942,-0.137411,-0.082446,-0.103239,0.213558
0.141610,-0.412029,-0.101875,-0.143901,-0.086360,-0.105243,0.218822
0.146299,-0.419752,-0.105730,-0.150371,-0.090264,-0.107068,0.223695
0.150813,-0.426727,-0.109505,-0.156809,-0.094153,-0.108727,0.228192
0.155148,-0.433006,-0.113191,-0.163208,-0.098021,-0.110230,0.232330
0.159301,-0.438643,-0.116787,-0.169551,-0.101860,-0.111590,0.236129
0.163272,-0.443691,-0.120287,-0.175833,-0.105664,-0.112817,0.239607
0.167061,-0.448203,-0.123688,-0.182042,-0.109427,-0.113924,0.242786
0.170670,-0.452228,-0.126987,-0.188169,-0.113142,-0.114919,0.245685
0.174100,-0.455813,-0.130182,-0.194204,-0.116807,-0.115814,0.248325
0.177355,-0.459003,-0.133273,-0.200141,-0.120415,-0.116617,0.250727
0.180439,-0.461839,-0.136256,-0.205970,-0.123960,-0.117339,0.252908
0.183356,-0.464358,-0.139131,-0.211684,-0.127439,-0.117985,0.254887
0.186111,-0.466593,-0.141898,-0.217275,-0.130847,-0.118565,0.256681
0.188710,-0.468578,-0.144559,-0.222738,-0.134179,-0.119084,0.258307
0.191158,-0.470339,-0.147111,-0.228066,-0.137433,-0.119549,0.259779
0.193461,-0.471901,-0.149556,-0.233251,-0.140603,-0.119966,0.261111
0.195624,-0.473287,-0.151896,-0.238291,-0.143686,-0.120339,0.262315
0.197653,-0.474518,-0.154130,-0.243178,-0.146678,-0.120674,0.263405
0.199555,-0.475610,-0.156261,-0.247909,-0.149580,-0.120973,0.264390
0.201335,-0.476580,-0.158290,-0.252480,-0.152385,-0.121242,0.265281
0.202998,-0.477442,-0.160218,-0.256886,-0.155091,-0.121482,0.266085
0.204550,-0.478208,-0.162047,-0.261125,-0.157696,-0.121698,0.266812
0.205997,-0.478889,-0.163778,-0.265191,-0.160199,-0.121891,0.267469
0.207343,-0.479494,-0.165415,-0.269082,-0.162595,-0.122064,0.268062
0.208594,-0.480033,-0.166957,-0.272797,-0.164886,-0.122219,0.268597
0.209753,-0.480511,-0.168407,-0.276332,-0.167066,-0.122358,0.269080
0.210826,-0.480937,-0.169767,-0.279686,-0.169136,-0.122483,0.269515
0.211816,-0.481316,-0.171039,-0.282855,-0.171096,-0.122594,0.269906
0.212727,-0.481653,-0.172224,-0.285840,-0.172941,-0.122694,0.270258
0.213563,-0.481951,-0.173324,-0.288637,-0.174671,-0.122783,0.270575
0.214327,-0.482216,-0.174341,-0.291246,-0.176287,-0.122862,0.270857
0.215023,-0.482449,-0.175275,-0.293667,-0.177787,-0.122932,0.271110
0.215653,-0.482655,-0.176130,-0.295895,-0.179169,-0.122995,0.271335
0.216220,-0.482836,-0.176905,-0.297933,-0.180433,-0.123050,0.271534
0.216725,-0.482994,-0.177604,-0.299778,-0.181578,-0.123098,0.271708
0.217172,-0.483131,-0.178224,-0.301431,-0.182605,-0.123140,0.271861
0.217562,-0.483248,-0.178770,-0.302892,-0.183512,-0.123176,0.271992
0.217897,-0.483346,-0.179241,-0.304157,-0.184297,-0.123206,0.272104
0.218178,-0.483428,-0.179638,-0.305229,-0.184964,-0.123231,0.272196
0.218406,-0.483494,-0.179962,-0.306106,-0.185509,-0.123252,0.272271
0.218583,-0.483544,-0.180213,-0.306788,-0.185934,-0.123267,0.272329
0.218708,-0.483580,-0.180392,-0.307276,-0.186237,-0.123278,0.272369
0.218783,-0.483601,-0.180500,-0.307569,-0.186419,-0.123285,0.272394
0.218808,-0.483608,-0.180535,-0.307667,-0.186479,-0.123287,0.272402
0.218783,-0.483601,-0.180500,-0.307569,-0.186419,-0.123285,0.272394
0.218708,-0.483580,-0.180392,-0.307276,-0.186237,-0.123278,0.272369
0.218583,-0.483544,-0.180213,-0.306788,-0.185934,-0.123267,0.272329
0.218406,-0.483494,-0.179962,-0.306106,-0.185509,-0.123252,0.272271
0.218178,-0.483428,-0.179638,-0.305229,-0.184964,-0.123231,0.272196
0.217897,-0.483346,-0.179241,-0.304157,-0.184297,-0.123206,0.272104
0.217562,-0.483248,-0.178770,-0.302892,-0.183512,-0.123176,0.271992
0.217172,-0.483131,-0.178224,-0.301431,-0.182605,-0.123140,0.271861
0.216725,-0.482994,-0.177604,-0.299778,-0.181578,-0.123098,0.271708
0.216220,-0.482836,-0.176905,-0.297933,-0.180433,-0.123050,0.271534
0.215653,-0.482655,-0.176130,-0.295895,-0.179169,-0.122995,0.271335
0.215023,-0.482449,-0.175275,-0.293667,-0.177787,-0.122932,0.271110
0.214327,-0.482216,-0.174341,-0.291246,-0.176287,-0.122862,0.270857
0.213563,-0.481951,-0.173324,-0.288637,-0.174671,-0.122783,0.270575
0.212727,-0.481653,-0.172224,-0.285840,-0.172941,-0.122694,0.270258
0.211816,-0.481316,-0.171039,-0.282855,-0.171096,-0.122594,0.269906
0.210826,-0.480937,-0.169767,-0.279686,-0.169136,-0.122483,0.269515
0.209753,-0.480511,-0.168407,-0.276332,-0.167066,-0.122358,0.269080
0.208594,-0.480033,-0.166957,-0.272797,-0.164886,-0.122219,0.268597
0.207343,-0.479494,-0.165415,-0.269082,-0.162595,-0.122064,0.268062
0.205997,-0.478889,-0.163778,-0.265191,-0.160199,-0.121891,0.267469
0.204550,-0.478208,-0.162047,-0.261125,-0.157696,-0.121698,0.266812
0.202998,-0.477442,-0.160218,-0.256886,-0.155091,-0.121482,0.266085
0.201335,-0.476580,-0.158290,-0.252480,-0.152385,-0.121242,0.265281
0.199555,-0.475610,-0.156261,-0.247909,-0.149580,-0.120973,0.264390
0.197653,-0.474518,-0.154130,-0.243178,-0.146678,-0.120674,0.263405
0.195624,-0.473287,-0.151896,-0.238291,-0.143686,-0.120339,0.262315
0.193461,-0.471901,-0.149556,-0.233251,-0.140603,-0.119966,0.261111
0.191158,-0.470339,-0.147111,-0.228066,-0.137433,-0.119549,0.259779
0.188710,-0.468578,-0.144559,-0.222738,-0.134179,-0.119084,0.258307
0.186111,-0.466593,-0.141898,-0.217275,-0.130847,-0.118565,0.256681
0.183356,-0.464358,-0.139131,-0.211684,-0.127439,-0.117985,0.254887
0.180439,-0.461839,-0.136256,-0.205970,-0.123960,-0.117339,0.252908
0.177355,-0.459003,-0.133273,-0.200141,-0.120415,-0.116617,0.250727
0.174100,-0.455813,-0.130182,-0.194204,-0.116807,-0.115814,0.248325
0.170670,-0.452228,-0.126987,-0.188169,-0.113142,-0.114919,0.245685
0.167061,-0.448203,-0.123688,-0.182042,-0.109427,-0.113924,0.242786
0.163272,-0.443691,-0.120287,-0.175833,-0.105664,-0.112817,0.239607
0.159301,-0.438643,-0.116787,-0.169551,-0.101860,-0.111590,0.236129
0.155148,-0.433006,-0.113191,-0.163208,-0.098021,-0.110230,0.232330
0.150813,-0.426727,-0.109505,-0.156809,-0.094153,-0.108727,0.228192
0.146299,-0.419752,-0.105730,-0.150371,-0.090264,-0.107068,0.223695
0.141610,-0.412029,-0.101875,-0.143901,-0.086360,-0.105243,0.218822
0.136751,-0.403507,-0.097942,-0.137411,-0.082446,-0.103239,0.213558
0.131729,-0.394141,-0.093941,-0.130912,-0.078530,-0.101046,0.207892
0.126553,-0.383893,-0.089879,-0.124419,-0.074619,-0.098655,0.201816
0.121233,-0.372732,-0.085762,-0.117941,-0.070720,-0.096057,0.195325
0.115783,-0.360641,-0.081601,-0.111494,-0.066841,-0.093246,0.188422
0.110215,-0.347616,-0.077405,-0.105089,-0.062991,-0.090216,0.181114
0.104548,-0.333672,-0.073184,-0.098740,-0.059174,-0.086967,0.173417
0.098799,-0.318840,-0.068949,-0.092459,-0.055402,-0.083501,0.165350
0.092987,-0.303171,-0.064712,-0.086260,-0.051681,-0.079823,0.156944
0.087134,-0.286736,-0.060485,-0.080159,-0.048020,-0.075942,0.148233
0.081263,-0.269633,-0.056280,-0.074170,-0.044426,-0.071872,0.139262
0.075397,-0.251973,-0.052113,-0.068304,-0.040908,-0.067632,0.130082
0.069563,-0.233884,-0.047995,-0.062578,-0.037476,-0.063245,0.120746
0.063786,-0.215515,-0.043942,-0.057005,-0.034137,-0.058736,0.111319
0.058093,-0.197020,-0.039969,-0.051602,-0.030898,-0.054138,0.101865
0.052511,-0.178564,-0.036091,-0.046382,-0.027770,-0.049486,0.092453
0.047067,-0.160310,-0.032323,-0.041357,-0.024762,-0.044816,0.083154
0.041790,-0.142426,-0.028681,-0.036546,-0.021879,-0.040170,0.074039
0.036707,-0.125071,-0.025181,-0.031961,-0.019134,-0.035588,0.065179
0.031844,-0.108391,-0.021839,-0.027620,-0.016535,-0.031114,0.056641
0.027230,-0.092529,-0.018673,-0.023535,-0.014089,-0.026790,0.048493
0.022890,-0.077610,-0.015696,-0.019722,-0.011806,-0.022657,0.040797
0.018850,-0.063746,-0.012927,-0.016195,-0.009696,-0.018757,0.033612
0.015136,-0.051041,-0.010382,-0.012973,-0.007765,-0.015130,0.026993
0.011772,-0.039581,-0.008077,-0.010068,-0.006028,-0.011814,0.020993
0.008782,-0.029445,-0.006027,-0.007499,-0.004489,-0.008842,0.015657
0.006191,-0.020699,-0.004250,-0.005279,-0.003160,-0.006250,0.011034
0.004021,-0.013411,-0.002761,-0.003423,-0.002049,-0.004068,0.007164
0.002294,-0.007637,-0.001576,-0.001953,-0.001168,-0.002324,0.004086
0.001034,-0.003437,-0.000710,-0.000880,-0.000526,-0.001049,0.001841
0.000262,-0.000870,-0.000180,-0.000223,-0.000133,-0.000266,0.000467
0.000000,0.000000,0.000000,0.000000,0.000000,0.000000,0.000000
0.000000,0.000000,0.000000,0.000000,0.000000,0.000000,0.000000
-0.001232,0.003121,0.006531,0.004674,0.003721,-0.001822,-0.002771
-0.004730,0.011934,0.025347,0.017882,0.014228,-0.006940,-0.010628
-0.010212,0.025603,0.055396,0.038377,0.030488,-0.014773,-0.022886
-0.017404,0.043248,0.095114,0.064862,0.051406,-0.024663,-0.038815
-0.026038,0.063966,0.141729,0.095984,0.075798,-0.035879,-0.057610
-0.035843,0.086824,0.191114,0.130351,0.102435,-0.047669,-0.078367
-0.046544,0.110899,0.238549,0.166573,0.130085,-0.059323,-0.100139
-0.057868,0.135317,0.280058,0.203330,0.157597,-0.070255,-0.121984
-0.069544,0.159305,0.313473,0.239442,0.183997,-0.080054,-0.143061
-0.081317,0.182215,0.338565,0.273928,0.208532,-0.088506,-0.162699
-0.092948,0.203570,0.356425,0.306052,0.230709,-0.095565,-0.180443
-0.104227,0.223044,0.368662,0.335326,0.250280,-0.101310,-0.196051
-0.114975,0.240469,0.376844,0.361489,0.267204,-0.105892,-0.209473
-0.125048,0.255798,0.382243,0.384477,0.281587,-0.109492,-0.220798
-0.134334,0.269080,0.385788,0.404368,0.293633,-0.112288,-0.230203
-0.142753,0.280427,0.388119,0.421336,0.303595,-0.114444,-0.237909
-0.150255,0.289989,0.389661,0.435613,0.311735,-0.116095,-0.244147
-0.156810,0.297926,0.390689,0.447447,0.318306,-0.117353,-0.249137
-0.162409,0.304400,0.391379,0.457088,0.323533,-0.118303,-0.253073
-0.167050,0.309557,0.391845,0.464760,0.327607,-0.119012,-0.256118
-0.170743,0.313527,0.392156,0.470657,0.330687,-0.119529,-0.258404
-0.173499,0.316412,0.392359,0.474941,0.332893,-0.119889,-0.260034
-0.175328,0.318291,0.392482,0.477730,0.334316,-0.120116,-0.261080
-0.176240,0.319218,0.392539,0.479104,0.335013,-0.120226,-0.261592
-0.176240,0.319218,0.392539,0.479104,0.335013,-0.120226,-0.261592
-0.175328,0.318291,0.392482,0.477730,0.334316,-0.120116,-0.261080
-0.173499,0.316412,0.392359,0.474941,0.332893,-0.119889,-0.260034
-0.170743,0.313527,0.392156,0.470657,0.330687,-0.119529,-0.258404
-0.167050,0.309557,0.391845,0.464760,0.327607,-0.119012,-0.256118
-0.162409,0.304400,0.391379,0.457088,0.323533,-0.118303,-0.253073
-0.156810,0.297926,0.390689,0.447447,0.318306,-0.117353,-0.249137
-0.150255,0.289989,0.389661,0.435613,0.311735,-0.116095,-0.244147
-0.142753,0.280427,0.388119,0.421336,0.303595,-0.114444,-0.237909
-0.134334,0.269080,0.385788,0.404368,0.293633,-0.112288,-0.230203
-0.125048,0.255798,0.382243,0.384477,0.281587,-0.109492,-0.220798
-0.114975,0.240469,0.376844,0.361489,0.267204,-0.105892,-0.209473
-0.104227,0.223044,0.368662,0.335326,0.250280,-0.101310,-0.196051
-0.092948,0.203570,0.356425,0.306052,0.230709,-0.095565,-0.180443
-0.081317,0.182215,0.338565,0.273928,0.208532,-0.088506,-0.162699
-0.069544,0.159305,0.313473,0.239442,0.183997,-0.080054,-0.143061
-0.057868,0.135317,0.280058,0.203330,0.157597,-0.070255,-0.121984
-0.046544,0.110899,0.238549,0.166573,0.130085,-0.059323,-0.100139
-0.035843,0.086824,0.191114,0.130351,0.102435,-0.047669,-0.078367
-0.026038,0.063966,0.141729,0.095984,0.075798,-0.035879,-0.057610
-0.017404,0.043248,0.095114,0.064862,0.051406,-0.024663,-0.038815
-0.010212,0.025603,0.055396,0.038377,0.030488,-0.014773,-0.022886
-0.004730,0.011934,0.025347,0.017882,0.014228,-0.006940,-0.010628
-0.001232,0.003121,0.006531,0.004674,0.003721,-0.001822,-0.002771
0.000000,0.000000,0.000000,0.000000,0.000000,0.000000,0.000000
0.000000,0.000000,0.000000,0.000000,0.000000,0.000000,0.000000
0.000122,0.000782,-0.000155,0.000027,0.000213,0.000344,0.000251
0.000482,0.003080,-0.000612,0.000103,0.000837,0.001361,0.000994
0.001070,0.006827,-0.001355,0.000228,0.001855,0.003026,0.002204
0.001875,0.011954,-0.002375,0.000400,0.003253,0.005320,0.003864
0.002887,0.018382,-0.003657,0.000616,0.005010,0.008222,0.005953
0.004099,0.026032,-0.005187,0.000876,0.007110,0.011714,0.008450
0.005497,0.034820,-0.006953,0.001175,0.009536,0.015772,0.011338
0.007075,0.044655,-0.008939,0.001513,0.012271,0.020372,0.014591
0.008821,0.055438,-0.011132,0.001888,0.015297,0.025485,0.018193
0.010725,0.067067,-0.013520,0.002296,0.018596,0.031078,0.022121
0.012779,0.079432,-0.016089,0.002739,0.022151,0.037108,0.026353
0.014972,0.092415,-0.018825,0.003212,0.025945,0.043526,0.030866
0.017294,0.105897,-0.021714,0.003715,0.029962,0.050276,0.035638
0.019737,0.119753,-0.024743,0.004245,0.034183,0.057294,0.040647
0.022290,0.133859,-0.027898,0.004801,0.038591,0.064511,0.045867
0.024945,0.148091,-0.031167,0.005381,0.043170,0.071852,0.051276
0.027690,0.162325,-0.034537,0.005983,0.047902,0.079240,0.056848
0.030518,0.176447,-0.037995,0.006605,0.052772,0.086596,0.062559
0.033421,0.190346,-0.041528,0.007248,0.057761,0.093845,0.068384
0.036386,0.203927,-0.045125,0.007906,0.062853,0.100915,0.074300
0.039408,0.217098,-0.048773,0.008581,0.068034,0.107745,0.080281
0.042475,0.229785,-0.052461,0.009270,0.073288,0.114276,0.086303
0.045581,0.241926,-0.056179,0.009973,0.078599,0.120465,0.092345
0.048716,0.253471,-0.059914,0.010685,0.083951,0.126278,0.098383
0.051874,0.264385,-0.063657,0.011408,0.089331,0.131693,0.104395
0.055045,0.274646,-0.067398,0.012138,0.094725,0.136695,0.110362
0.058223,0.284241,-0.071129,0.012876,0.100117,0.141283,0.116263
0.061399,0.293171,-0.074839,0.013619,0.105498,0.145462,0.122083
0.064568,0.301444,-0.078520,0.014368,0.110854,0.149246,0.127803
0.067722,0.309076,-0.082166,0.015118,0.116174,0.152652,0.133409
0.070854,0.316090,-0.085768,0.015871,0.121445,0.155701,0.138888
0.073960,0.322513,-0.089320,0.016623,0.126659,0.158419,0.144229
0.077033,0.328377,-0.092818,0.017375,0.131806,0.160833,0.149421
0.080068,0.333715,-0.096252,0.018125,0.136874,0.162967,0.154456
0.083060,0.338561,-0.099620,0.018872,0.141860,0.164850,0.159328
0.086005,0.342952,-0.102917,0.019613,0.146753,0.166505,0.164030
0.088898,0.346921,-0.106139,0.020351,0.151547,0.167958,0.168559
0.091734,0.350504,-0.109281,0.021082,0.156236,0.169231,0.172911
0.094511,0.353732,-0.112342,0.021803,0.160813,0.170344,0.177085
0.097226,0.356638,-0.115318,0.022518,0.165275,0.171317,0.181082
0.099874,0.359251,-0.118207,0.023223,0.169616,0.172166,0.184901
0.102455,0.361598,-0.121006,0.023916,0.173834,0.172906,0.188544
0.104965,0.363706,-0.123716,0.024600,0.177925,0.173552,0.192013
0.107402,0.365596,-0.126334,0.025270,0.181887,0.174115,0.195312
0.109765,0.367292,-0.128859,0.025927,0.185715,0.174606,0.198442
0.112051,0.368812,-0.131292,0.026570,0.189411,0.175035,0.201409
0.114260,0.370175,-0.133630,0.027199,0.192971,0.175408,0.204216
0.116390,0.371397,-0.135876,0.027812,0.196396,0.175735,0.206870
0.118441,0.372492,-0.138027,0.028407,0.199685,0.176020,0.209372
0.120412,0.373474,-0.140087,0.028986,0.202837,0.176270,0.211730
0.122302,0.374355,-0.142053,0.029548,0.205852,0.176488,0.213948
0.124112,0.375144,-0.143928,0.030090,0.208731,0.176679,0.216031
0.125840,0.375852,-0.145711,0.030615,0.211473,0.176847,0.217983
0.127487,0.376487,-0.147404,0.031118,0.214081,0.176994,0.219811
0.129053,0.377056,-0.149008,0.031602,0.216554,0.177123,0.221518
0.130537,0.377566,-0.150523,0.032065,0.218893,0.177237,0.223110
0.131940,0.378023,-0.151949,0.032507,0.221100,0.177336,0.224591
0.133262,0.378433,-0.153290,0.032928,0.223175,0.177424,0.225965
0.134504,0.378799,-0.154545,0.033325,0.225121,0.177501,0.227236
0.135665,0.379126,-0.155717,0.033700,0.226936,0.177569,0.228410
0.136748,0.379418,-0.156804,0.034051,0.228624,0.177629,0.229488
0.137750,0.379678,-0.157809,0.034379,0.230187,0.177681,0.230474
0.138673,0.379909,-0.158733,0.034685,0.231623,0.177727,0.231372
0.139518,0.380113,-0.159576,0.034964,0.232936,0.177767,0.232185
0.140284,0.380292,-0.160340,0.035220,0.234124,0.177801,0.232916
0.140973,0.380448,-0.161025,0.035451,0.235192,0.177831,0.233566
0.141584,0.380583,-0.161631,0.035656,0.236137,0.177857,0.234139
0.142118,0.380699,-0.162161,0.035838,0.236963,0.177879,0.234635
0.142574,0.380796,-0.162613,0.035991,0.237669,0.177897,0.235058
0.142955,0.380875,-0.162989,0.036122,0.238256,0.177912,0.235408
0.143259,0.380938,-0.163290,0.036225,0.238726,0.177923,0.235686
0.143487,0.380984,-0.163515,0.036303,0.239078,0.177932,0.235894
0.143639,0.381015,-0.163665,0.036356,0.239311,0.177937,0.236032
0.143715,0.381030,-0.163740,0.036382,0.239428,0.177940,0.236101
0.143715,0.381030,-0.163740,0.036382,0.239428,0.177940,0.236101
0.143639,0.381015,-0.163665,0.036356,0.239311,0.177937,0.236032
0.143487,0.380984,-0.163515,0.036303,0.239078,0.177932,0.235894
0.143259,0.380938,-0.163290,0.036225,0.238726,0.177923,0.235686
0.142955,0.380875,-0.162989,0.036122,0.238256,0.177912,0.235408
0.142574,0.380796,-0.162613,0.035991,0.237669,0.177897,0.235058
0.142118,0.380699,-0.162161,0.035838,0.236963,0.177879,0.234635
0.141584,0.380583,-0.161631,0.035656,0.236137,0.177857,0.234139
0.140973,0.380448,-0.161025,0.035451,0.235192,0.177831,0.233566
0.140284,0.380292,-0.160340,0.035220,0.234124,0.177801,0.232916
0.139518,0.380113,-0.159576,0.034964,0.232936,0.177767,0.232185
0.138673,0.379909,-0.158733,0.034685,0.231623,0.177727,0.231372
0.137750,0.379678,-0.157809,0.034379,0.230187,0.177681,0.230474
0.136748,0.379418,-0.156804,0.034051,0.228624,0.177629,0.229488
0.135665,0.379126,-0.155717,0.033700,0.226936,0.177569,0.228410
0.134504,0.378799,-0.154545,0.033325,0.225121,0.177501,0.227236
0.133262,0.378433,-0.153290,0.032928,0.223175,0.177424,0.225965
0.131940,0.378023,-0.151949,0.032507,0.221100,0.177336,0.224591
0.130537,0.377566,-0.150523,0.032065,0.218893,0.177237,0.223110
0.129053,0.377056,-0.149008,0.031602,0.216554,0.177123,0.221518
0.127487,0.376487,-0.147404,0.031118,0.214081,0.176994,0.219811
0.125840,0.375852,-0.145711,0.030615,0.211473,0.176847,0.217983
0.124112,0.375144,-0.143928,0.030090,0.208731,0.176679,0.216031
0.122302,0.374355,-0.142053,0.029548,0.205852,0.176488,0.213948
0.120412,0.373474,-0.140087,0.028986,0.202837,0.176270,0.211730
0.118441,0.372492,-0.138027,0.028407,0.199685,0.176020,0.209372
0.116390,0.371397,-0.135876,0.027812,0.196396,0.175735,0.206870
0.114260,0.370175,-0.133630,0.027199,0.192971,0.175408,0.204216
0.112051,0.368812,-0.131292,0.026570,0.189411,0.175035,0.201409
0.109765,0.367292,-0.128859,0.025927,0.185715,0.174606,0.198442
0.107402,0.365596,-0.126334,0.025270,0.181887,0.174115,0.195312
0.104965,0.363706,-0.123716,0.024600,0.177925,0.173552,0.192013
0.102455,0.361598,-0.121006,0.023916,0.173834,0.172906,0.188544
0.099874,0.359251,-0.118207,0.023223,0.169616,0.172166,0.184901
0.097226,0.356638,-0.115318,0.022518,0.165275,0.171317,0.181082
0.094511,0.353732,-0.112342,0.021803,0.160813,0.170344,0.177085
0.091734,0.350504,-0.109281,0.021082,0.156236,0.169231,0.172911
0.088898,0.346921,-0.106139,0.020351,0.151547,0.167958,0.168559
0.086005,0.342952,-0.102917,0.019613,0.146753,0.166505,0.164030
0.083060,0.338561,-0.099620,0.018872,0.141860,0.164850,0.159328
0.080068,0.333715,-0.096252,0.018125,0.136874,0.162967,0.154456
0.077033,0.328377,-0.092818,0.017375,0.131806,0.160833,0.149421
0.073960,0.322513,-0.089320,0.016623,0.126659,0.158419,0.144229
0.070854,0.316090,-0.085768,0.015871,0.121445,0.155701,0.138888
0.067722,0.309076,-0.082166,0.015118,0.116174,0.152652,0.133409
0.064568,0.301444,-0.078520,0.014368,0.110854,0.149246,0.127803
0.061399,0.293171,-0.074839,0.013619,0.105498,0.145462,0.122083
0.058223,0.284241,-0.071129,0.012876,0.100117,0.141283,0.116263
0.055045,0.274646,-0.067398,0.012138,0.094725,0.136695,0.110362
0.051874,0.264385,-0.063657,0.011408,0.089331,0.131693,0.104395
0.048716,0.253471,-0.059914,0.010685,0.083951,0.126278,0.098383
0.045581,0.241926,-0.056179,0.009973,0.078599,0.120465,0.092345
0.042475,0.229785,-0.052461,0.009270,0.073288,0.114276,0.086303
0.039408,0.217098,-0.048773,0.008581,0.068034,0.107745,0.080281
0.036386,0.203927,-0.045125,0.007906,0.062853,0.100915,0.074300
0.033421,0.190346,-0.041528,0.007248,0.057761,0.093845,0.068384
0.030518,0.176447,-0.037995,0.006605,0.052772,0.086596,0.062559
0.027690,0.162325,-0.034537,0.005983,0.047902,0.079240,0.056848
0.024945,0.148091,-0.031167,0.005381,0.043170,0.071852,0.051276
0.022290,0.133859,-0.027898,0.004801,0.038591,0.064511,0.045867
0.019737,0.119753,-0.024743,0.004245,0.034183,0.057294,0.040647
0.017294,0.105897,-0.021714,0.003715,0.029962,0.050276,0.035638
0.014972,0.092415,-0.018825,0.003212,0.025945,0.043526,0.030866
0.012779,0.079432,-0.016089,0.002739,0.022151,0.037108,0.026353
0.010725,0.067067,-0.013520,0.002296,0.018596,0.031078,0.022121
0.008821,0.055438,-0.011132,0.001888,0.015297,0.025485,0.018193
0.007075,0.044655,-0.008939,0.001513,0.012271,0.020372,0.014591
0.005497,0.034820,-0.006953,0.001175,0.009536,0.015772,0.011338
0.004099,0.026032,-0.005187,0.000876,0.007110,0.011714,0.008450
0.002887,0.018382,-0.003657,0.000616,0.005010,0.008222,0.005953
0.001875,0.011954,-0.002375,0.000400,0.003253,0.005320,0.003864
0.001070,0.006827,-0.001355,0.000228,0.001855,0.003026,0.002204
0.000482,0.003080,-0.000612,0.000103,0.000837,0.001361,0.000994
0.000122,0.000782,-0.000155,0.000027,0.000213,0.000344,0.000251
0.000000,0.000000,0.000000,0.000000,0.000000,0.000000,0.000000
0.000000,0.000000,0.000000,0.000000,0.000000,0.000000,0.000000
-0.000998,-0.000536,-0.000260,-0.000772,0.000028,0.000189,-0.005438
-0.003914,-0.002101,-0.001016,-0.003026,0.000107,0.000740,-0.021293
-0.008637,-0.004635,-0.002239,-0.006674,0.000235,0.001630,-0.046665
-0.015062,-0.008074,-0.003892,-0.011625,0.000410,0.002843,-0.079944
-0.023079,-0.012363,-0.005943,-0.017799,0.000628,0.004356,-0.118368
-0.032567,-0.017446,-0.008361,-0.025111,0.000886,0.006152,-0.158051
-0.043394,-0.023267,-0.011112,-0.033479,0.001180,0.008210,-0.194794
-0.055404,-0.029766,-0.014162,-0.042822,0.001506,0.010515,-0.225361
-0.068421,-0.036889,-0.017482,-0.053055,0.001864,0.013044,-0.248358
-0.082247,-0.044579,-0.021037,-0.064097,0.002251,0.015782,-0.264181
-0.096664,-0.052776,-0.024797,-0.075863,0.002662,0.018707,-0.274271
-0.111439,-0.061425,-0.028732,-0.088269,0.003096,0.021800,-0.280315
-0.126338,-0.070464,-0.032814,-0.101230,0.003550,0.025040,-0.283755
-0.141126,-0.079837,-0.037012,-0.114660,0.004021,0.028408,-0.285633
-0.155586,-0.089479,-0.041300,-0.128474,0.004508,0.031882,-0.286624
-0.169524,-0.099337,-0.045652,-0.142585,0.005009,0.035441,-0.287133
-0.182778,-0.109347,-0.050043,-0.156913,0.005517,0.039065,-0.287388
-0.195220,-0.119453,-0.054449,-0.171373,0.006035,0.042733,-0.287514
-0.206763,-0.129601,-0.058848,-0.185888,0.006557,0.046425,-0.287575
-0.217354,-0.139735,-0.063219,-0.200379,0.007084,0.050120,-0.287604
-0.226977,-0.149804,-0.067544,-0.214775,0.007613,0.053800,-0.287618
-0.235641,-0.159760,-0.071804,-0.229008,0.008140,0.057446,-0.287624
-0.243380,-0.169559,-0.075984,-0.243013,0.008667,0.061043,-0.287627
-0.250246,-0.179160,-0.080071,-0.256735,0.009189,0.064574,-0.287629
-0.256300,-0.188526,-0.084051,-0.270120,0.009705,0.068023,-0.287629
-0.261611,-0.197621,-0.087912,-0.283120,0.010214,0.071380,-0.287630
-0.266251,-0.206420,-0.091645,-0.295696,0.010713,0.074631,-0.287630
-0.270290,-0.214894,-0.095240,-0.307810,0.011202,0.077768,-0.287630
-0.273795,-0.223023,-0.098693,-0.319434,0.011678,0.080781,-0.287630
-0.276831,-0.230789,-0.101994,-0.330542,0.012141,0.083663,-0.287630
-0.279456,-0.238179,-0.105140,-0.341113,0.012589,0.086409,-0.287630
-0.281721,-0.245182,-0.108127,-0.351132,0.013021,0.089013,-0.287630
-0.283675,-0.251789,-0.110952,-0.360588,0.013435,0.091473,-0.287630
-0.285358,-0.257994,-0.113611,-0.369473,0.013831,0.093785,-0.287630
-0.286807,-0.263797,-0.116104,-0.377781,0.014209,0.095948,-0.287630
-0.288053,-0.269193,-0.118428,-0.385511,0.014564,0.097961,-0.287630
-0.289124,-0.274183,-0.120584,-0.392662,0.014898,0.099824,-0.287630
-0.290042,-0.278771,-0.122572,-0.399237,0.015210,0.101537,-0.287630
-0.290827,-0.282956,-0.124390,-0.405237,0.015498,0.103101,-0.287630
-0.291498,-0.286743,-0.126041,-0.410670,0.015763,0.104516,-0.287630
-0.292066,-0.290138,-0.127523,-0.415538,0.016003,0.105785,-0.287630
-0.292546,-0.293141,-0.128839,-0.419848,0.016219,0.106908,-0.287630
-0.292946,-0.295759,-0.129987,-0.423604,0.016407,0.107888,-0.287630
-0.293275,-0.297994,-0.130970,-0.426812,0.016570,0.108723,-0.287630
-0.293540,-0.299851,-0.131788,-0.429478,0.016707,0.109418,-0.287630
-0.293745,-0.301331,-0.132441,-0.431604,0.016817,0.109973,-0.287630
-0.293896,-0.302439,-0.132931,-0.433197,0.016899,0.110387,-0.287630
-0.293995,-0.303177,-0.133258,-0.434256,0.016954,0.110664,-0.287630
-0.294044,-0.303547,-0.133420,-0.434785,0.016981,0.110802,-0.287630
-0.294044,-0.303547,-0.133420,-0.434785,0.016981,0.110802,-0.287630
-0.293995,-0.303177,-0.133258,-0.434256,0.016954,0.110664,-0.287630
-0.293896,-0.302439,-0.132931,-0.433197,0.016899,0.110387,-0.287630
-0.293745,-0.301331,-0.132441,-0.431604,0.016817,0.109973,-0.287630
-0.293540,-0.299851,-0.131788,-0.429478,0.016707,0.109418,-0.287630
-0.293275,-0.297994,-0.130970,-0.426812,0.016570,0.108723,-0.287630
-0.292946,-0.295759,-0.129987,-0.423604,0.016407,0.107888,-0.287630
-0.292546,-0.293141,-0.128839,-0.419848,0.016219,0.106908,-0.287630
-0.292066,-0.290138,-0.127523,-0.415538,0.016003,0.105785,-0.287630
-0.291498,-0.286743,-0.126041,-0.410670,0.015763,0.104516,-0.287630
-0.290827,-0.282956,-0.124390,-0.405237,0.015498,0.103101,-0.287630
-0.290042,-0.278771,-0.122572,-0.399237,0.015210,0.101537,-0.287630
-0.289124,-0.274183,-0.120584,-0.392662,0.014898,0.099824,-0.287630
-0.288053,-0.269193,-0.118428,-0.385511,0.014564,0.097961,-0.287630
-0.286807,-0.263797,-0.116104,-0.377781,0.014209,0.095948,-0.287630
-0.285358,-0.257994,-0.113611,-0.369473,0.013831,0.093785,-0.287630
-0.283675,-0.251789,-0.110952,-0.360588,0.013435,0.091473,-0.287630
-0.281721,-0.245182,-0.108127,-0.351132,0.013021,0.089013,-0.287630
-0.279456,-0.238179,-0.105140,-0.341113,0.012589,0.086409,-0.287630
-0.276831,-0.230789,-0.101994,-0.330542,0.012141,0.083663,-0.287630
-0.273795,-0.223023,-0.098693,-0.319434,0.011678,0.080781,-0.287630
-0.270290,-0.214894,-0.095240,-0.307810,0.011202,0.077768,-0.287630
-0.266251,-0.206420,-0.091645,-0.295696,0.010713,0.074631,-0.287630
-0.261611,-0.197621,-0.087912,-0.283120,0.010214,0.071380,-0.287630
-0.256300,-0.188526,-0.084051,-0.270120,0.009705,0.068023,-0.287629
-0.250246,-0.179160,-0.080071,-0.256735,0.009189,0.064574,-0.287629
-0.243380,-0.169559,-0.075984,-0.243013,0.008667,0.061043,-0.287627
-0.235641,-0.159760,-0.071804,-0.229008,0.008140,0.057446,-0.287624
-0.226977,-0.149804,-0.067544,-0.214775,0.007613,0.053800,-0.287618
-0.217354,-0.139735,-0.063219,-0.200379,0.007084,0.050120,-0.287604
-0.206763,-0.129601,-0.058848,-0.185888,0.006557,0.046425,-0.287575
-0.195220,-0.119453,-0.054449,-0.171373,0.006035,0.042733,-0.287514
-0.182778,-0.109347,-0.050043,-0.156913,0.005517,0.039065,-0.287388
-0.169524,-0.099337,-0.045652,-0.142585,0.005009,0.035441,-0.287133
-0.155586,-0.089479,-0.041300,-0.128474,0.004508,0.031882,-0.286624
-0.141126,-0.079837,-0.037012,-0.114660,0.004021,0.028408,-0.285633
-0.126338,-0.070464,-0.032814,-0.101230,0.003550,0.025040,-0.283755
-0.111439,-0.061425,-0.028732,-0.088269,0.003096,0.021800,-0.280315
-0.096664,-0.052776,-0.024797,-0.075863,0.002662,0.018707,-0.274271
-0.082247,-0.044579,-0.021037,-0.064097,0.002251,0.015782,-0.264181
-0.068421,-0.036889,-0.017482,-0.053055,0.001864,0.013044,-0.248358
-0.055404,-0.029766,-0.014162,-0.042822,0.001506,0.010515,-0.225361
-0.043394,-0.023267,-0.011112,-0.033479,0.001180,0.008210,-0.194794
-0.032567,-0.017446,-0.008361,-0.025111,0.000886,0.006152,-0.158051
-0.023079,-0.012363,-0.005943,-0.017799,0.000628,0.004356,-0.118368
-0.015062,-0.008074,-0.003892,-0.011625,0.000410,0.002843,-0.079944
-0.008637,-0.004635,-0.002239,-0.006674,0.000235,0.001630,-0.046665
-0.003914,-0.002101,-0.001016,-0.003026,0.000107,0.000740,-0.021293
-0.000998,-0.000536,-0.000260,-0.000772,0.000028,0.000189,-0.005438
0.000000,0.000000,0.000000,0.000000,0.000000,0.000000,0.000000
0.000000,0.000000,0.000000,0.000000,0.000000,0.000000,0.000000
0.000997,0.000536,0.000260,0.000772,-0.000028,-0.000188,0.005434
0.003902,0.002099,0.001017,0.003023,-0.000107,-0.000738,0.021234
0.008582,0.004623,0.002246,0.006660,-0.000235,-0.001624,0.046384
0.014895,0.008038,0.003915,0.011582,-0.000410,-0.002823,0.079122
0.022689,0.012281,0.005997,0.017699,-0.000628,-0.004310,0.116573
0.031795,0.017283,0.008468,0.024912,-0.000886,-0.006061,0.154868
0.042033,0.022977,0.011302,0.033126,-0.001180,-0.008050,0.189982
0.053205,0.029293,0.014472,0.042245,-0.001507,-0.010253,0.218945
0.065098,0.036165,0.017956,0.052173,-0.001866,-0.012643,0.240588
0.077493,0.043525,0.021727,0.062814,-0.002254,-0.015198,0.255407
0.090162,0.051306,0.025763,0.074073,-0.002666,-0.017893,0.264826
0.102886,0.059442,0.030037,0.085856,-0.003101,-0.020702,0.270456
0.115456,0.067867,0.034526,0.098068,-0.003557,-0.023602,0.273657
0.127683,0.076520,0.039205,0.110620,-0.004030,-0.026572,0.275404
0.139405,0.085333,0.044050,0.123424,-0.004519,-0.029587,0.276325
0.150492,0.094253,0.049036,0.136392,-0.005022,-0.032629,0.276798
0.160846,0.103219,0.054137,0.149445,-0.005533,-0.035675,0.277035
0.170403,0.112177,0.059331,0.162505,-0.006054,-0.038710,0.277152
0.179132,0.121080,0.064592,0.175499,-0.006580,-0.041715,0.277208
0.187028,0.129881,0.069897,0.188359,-0.007111,-0.044674,0.277235
0.194109,0.138536,0.075222,0.201026,-0.007644,-0.047575,0.277248
0.200410,0.147008,0.080544,0.213441,-0.008175,-0.050404,0.277254
0.205981,0.155265,0.085842,0.225557,-0.008707,-0.053152,0.277257
0.210878,0.163277,0.091095,0.237331,-0.009233,-0.055809,0.277259
0.215160,0.171020,0.096280,0.248724,-0.009755,-0.058367,0.277259
0.218891,0.178471,0.101382,0.259705,-0.010269,-0.060822,0.277260
0.222130,0.185616,0.106379,0.270248,-0.010773,-0.063166,0.277260
0.224934,0.192440,0.111254,0.280331,-0.011269,-0.065399,0.277260
0.227357,0.198933,0.115993,0.289939,-0.011751,-0.067517,0.277260
0.229446,0.205089,0.120580,0.299062,-0.012219,-0.069518,0.277260
0.231246,0.210904,0.125002,0.307688,-0.012673,-0.071404,0.277260
0.232795,0.216377,0.129247,0.315817,-0.013111,-0.073172,0.277260
0.234128,0.221506,0.133304,0.323446,-0.013531,-0.074827,0.277260
0.235273,0.226295,0.137162,0.330577,-0.013933,-0.076367,0.277260
0.236257,0.230747,0.140811,0.337212,-0.014316,-0.077795,0.277260
0.237102,0.234865,0.144244,0.343357,-0.014676,-0.079113,0.277260
0.237827,0.238654,0.147456,0.349018,-0.015016,-0.080324,0.277260
0.238448,0.242122,0.150439,0.354203,-0.015333,-0.081429,0.277260
0.238979,0.245273,0.153188,0.358918,-0.015625,-0.082431,0.277260
0.239431,0.248114,0.155698,0.363174,-0.015895,-0.083334,0.277260
0.239814,0.250651,0.157967,0.366976,-0.016139,-0.084139,0.277260
0.240137,0.252890,0.159990,0.370333,-0.016359,-0.084848,0.277260
0.240407,0.254836,0.161765,0.373252,-0.016550,-0.085463,0.277260
0.240629,0.256493,0.163290,0.375740,-0.016716,-0.085987,0.277260
0.240807,0.257868,0.164564,0.377805,-0.016855,-0.086421,0.277260
0.240945,0.258962,0.165584,0.379449,-0.016967,-0.086766,0.277260
0.241047,0.259780,0.166350,0.380680,-0.017050,-0.087024,0.277260
0.241113,0.260324,0.166862,0.381497,-0.017106,-0.087196,0.277260
0.241146,0.260596,0.167117,0.381906,-0.017134,-0.087282,0.277260
0.241146,0.260596,0.167117,0.381906,-0.017134,-0.087282,0.277260
0.241113,0.260324,0.166862,0.381497,-0.017106,-0.087196,0.277260
0.241047,0.259780,0.166350,0.380680,-0.017050,-0.087024,0.277260
0.240945,0.258962,0.165584,0.379449,-0.016967,-0.086766,0.277260
0.240807,0.257868,0.164564,0.377805,-0.016855,-0.086421,0.277260
0.240629,0.256493,0.163290,0.375740,-0.016716,-0.085987,0.277260
0.240407,0.254836,0.161765,0.373252,-0.016550,-0.085463,0.277260
0.240137,0.252890,0.159990,0.370333,-0.016359,-0.084848,0.277260
0.239814,0.250651,0.157967,0.366976,-0.016139,-0.084139,0.277260
0.239431,0.248114,0.155698,0.363174,-0.015895,-0.083334,0.277260
0.238979,0.245273,0.153188,0.358918,-0.015625,-0.082431,0.277260
0.238448,0.242122,0.150439,0.354203,-0.015333,-0.081429,0.277260
0.237827,0.238654,0.147456,0.349018,-0.015016,-0.080324,0.277260
0.237102,0.234865,0.144244,0.343357,-0.014676,-0.079113,0.277260
0.236257,0.230747,0.140811,0.337212,-0.014316,-0.077795,0.277260
0.235273,0.226295,0.137162,0.330577,-0.013933,-0.076367,0.277260
0.234128,0.221506,0.133304,0.323446,-0.013531,-0.074827,0.277260
0.232795,0.216377,0.129247,0.315817,-0.013111,-0.073172,0.277260
0.231246,0.210904,0.125002,0.307688,-0.012673,-0.071404,0.277260
0.229446,0.205089,0.120580,0.299062,-0.012219,-0.069518,0.277260
0.227357,0.198933,0.115993,0.289939,-0.011751,-0.067517,0.277260
0.224934,0.192440,0.111254,0.280331,-0.011269,-0.065399,0.277260
0.222130,0.185616,0.106379,0.270248,-0.010773,-0.063166,0.277260
0.218891,0.178471,0.101382,0.259705,-0.010269,-0.060822,0.277260
0.215160,0.171020,0.096280,0.248724,-0.009755,-0.058367,0.277259
0.210878,0.163277,0.091095,0.237331,-0.009233,-0.055809,0.277259
0.205981,0.155265,0.085842,0.225557,-0.008707,-0.053152,0.277257
0.200410,0.147008,0.080544,0.213441,-0.008175,-0.050404,0.277254
0.194109,0.138536,0.075222,0.201026,-0.007644,-0.047575,0.277248
0.187028,0.129881,0.069897,0.188359,-0.007111,-0.044674,0.277235
0.179132,0.121080,0.064592,0.175499,-0.006580,-0.041715,0.277208
0.170403,0.112177,0.059331,0.162505,-0.006054,-0.038710,0.277152
0.160846,0.103219,0.054137,0.149445,-0.005533,-0.035675,0.277035
0.150492,0.094253,0.049036,0.136392,-0.005022,-0.032629,0.276798
0.139405,0.085333,0.044050,0.123424,-0.004519,-0.029587,0.276325
0.127683,0.076520,0.039205,0.110620,-0.004030,-0.026572,0.275404
0.115456,0.067867,0.034526,0.098068,-0.003557,-0.023602,0.273657
0.102886,0.059442,0.030037,0.085856,-0.003101,-0.020702,0.270456
0.090162,0.051306,0.025763,0.074073,-0.002666,-0.017893,0.264826
0.077493,0.043525,0.021727,0.062814,-0.002254,-0.015198,0.255407
0.065098,0.036165,0.017956,0.052173,-0.001866,-0.012643,0.240588
0.053205,0.029293,0.014472,0.042245,-0.001507,-0.010253,0.218945
0.042033,0.022977,0.011302,0.033126,-0.001180,-0.008050,0.189982
0.031795,0.017283,0.008468,0.024912,-0.000886,-0.006061,0.154868
0.022689,0.012281,0.005997,0.017699,-0.000628,-0.004310,0.116573
0.014895,0.008038,0.003915,0.011582,-0.000410,-0.002823,0.079122
0.008582,0.004623,0.002246,0.006660,-0.000235,-0.001624,0.046384
0.003902,0.002099,0.001017,0.003023,-0.000107,-0.000738,0.021234
0.000997,0.000536,0.000260,0.000772,-0.000028,-0.000188,0.005434
0.000000,0.000000,0.000000,0.000000,0.000000,0.000000,0.000000
