0.150600,3.157100,0.238100,0.372600,0.295000,0.128100,0.213300
0.150632,-3.157487,-0.238107,-0.372624,-0.295007,-0.128104,0.213316
0.150728,-3.158630,-0.238128,-0.372693,-0.295027,-0.128114,0.213363
0.150883,-3.160496,-0.238161,-0.372807,-0.295060,-0.128132,0.213440
0.151097,-3.163055,-0.238207,-0.372963,-0.295106,-0.128156,0.213545
0.151365,-3.166277,-0.238265,-0.373159,-0.295164,-0.128186,0.213678
0.151687,-3.170134,-0.238335,-0.373394,-0.295232,-0.128222,0.213837
0.152059,-3.174595,-0.238416,-0.373666,-0.295312,-0.128264,0.214020
0.152479,-3.179631,-0.238506,-0.373973,-0.295401,-0.128312,0.214228
0.152945,-3.185216,-0.238607,-0.374314,-0.295501,-0.128364,0.214457
0.153454,-3.191322,-0.238717,-0.374686,-0.295610,-0.128422,0.214709
0.154004,-3.197918,-0.238836,-0.375088,-0.295727,-0.128484,0.214980
0.154593,-3.204981,-0.238963,-0.375518,-0.295853,-0.128550,0.215271
0.155219,-3.212482,-0.239099,-0.375975,-0.295987,-0.128621,0.215580
0.155879,-3.220395,-0.239241,-0.376458,-0.296128,-0.128695,0.215906
0.156571,-3.228697,-0.239391,-0.376963,-0.296276,-0.128773,0.216247
0.157293,-3.237358,-0.239547,-0.377491,-0.296430,-0.128854,0.216604
0.158044,-3.246356,-0.239710,-0.378040,-0.296590,-0.128939,0.216974
0.158820,-3.255667,-0.239878,-0.378607,-0.296756,-0.129026,0.217358
0.159621,-3.265265,-0.240051,-0.379192,-0.296927,-0.129117,0.217753
0.160443,-3.275129,-0.240228,-0.379793,-0.297103,-0.129209,0.218159
0.161286,-3.285232,-0.240411,-0.380409,-0.297283,-0.129304,0.218575
0.162147,-3.295553,-0.240597,-0.381038,-0.297467,-0.129401,0.219000
0.163024,-3.306072,-0.240787,-0.381679,-0.297654,-0.129500,0.219433
0.163916,-3.316763,-0.240979,-0.382331,-0.297845,-0.129601,0.219873
0.164820,-3.327606,-0.241175,-0.382992,-0.298038,-0.129703,0.220319
0.165735,-3.338580,-0.241373,-0.383660,-0.298233,-0.129806,0.220771
0.166660,-3.349665,-0.241573,-0.384336,-0.298431,-0.129910,0.221227
0.167592,-3.360840,-0.241774,-0.385017,-0.298630,-0.130015,0.221687
0.168529,-3.372084,-0.241977,-0.385702,-0.298830,-0.130121,0.222150
0.169471,-3.383379,-0.242181,-0.386391,-0.299032,-0.130227,0.222615
0.170416,-3.394705,-0.242385,-0.387081,-0.299233,-0.130333,0.223081
0.171362,-3.406045,-0.242589,-0.387772,-0.299435,-0.130440,0.223548
0.172307,-3.417379,-0.242794,-0.388463,-0.299637,-0.130546,0.224015
0.173250,-3.428689,-0.242998,-0.389152,-0.299839,-0.130653,0.224480
0.174190,-3.439960,-0.243201,-0.389839,-0.300040,-0.130759,0.224944
0.175125,-3.451172,-0.243403,-0.390522,-0.300239,-0.130864,0.225406
0.176054,-3.462311,-0.243604,-0.391201,-0.300438,-0.130969,0.225864
0.176976,-3.473359,-0.243803,-0.391875,-0.300635,-0.131072,0.226319
0.177888,-3.484301,-0.244001,-0.392541,-0.300830,-0.131175,0.226770
0.178791,-3.495122,-0.244196,-0.393201,-0.301022,-0.131277,0.227215
0.179682,-3.505807,-0.244388,-0.393852,-0.301213,-0.131377,0.227655
0.180560,-3.516340,-0.244578,-0.394494,-0.301400,-0.131476,0.228089
0.181425,-3.526710,-0.244765,-0.395126,-0.301585,-0.131574,0.228516
0.182275,-3.536901,-0.244949,-0.395747,-0.301767,-0.131670,0.228935
0.183109,-3.546901,-0.245129,-0.396357,-0.301945,-0.131764,0.229347
0.183926,-3.556697,-0.245306,-0.396954,-0.302119,-0.131856,0.229750
0.184725,-3.566275,-0.245479,-0.397537,-0.302290,-0.131946,0.230144
0.185505,-3.575626,-0.245648,-0.398107,-0.302457,-0.132034,0.230529
0.186264,-3.584736,-0.245812,-0.398663,-0.302619,-0.132119,0.230904
0.187003,-3.593595,-0.245972,-0.399202,-0.302777,-0.132203,0.231269
0.187720,-3.602192,-0.246127,-0.399726,-0.302930,-0.132283,0.231623
0.188414,-3.610517,-0.246277,-0.400234,-0.303078,-0.132362,0.231966
0.189085,-3.618560,-0.246422,-0.400724,-0.303222,-0.132437,0.232297
0.189732,-3.626312,-0.246562,-0.401196,-0.303360,-0.132510,0.232616
0.190353,-3.633764,-0.246696,-0.401651,-0.303492,-0.132580,0.232923
0.190949,-3.640906,-0.246825,-0.402086,-0.303620,-0.132647,0.233217
0.191518,-3.647730,-0.246948,-0.402502,-0.303741,-0.132711,0.233498
0.192060,-3.654231,-0.247065,-0.402898,-0.303857,-0.132772,0.233765
0.192574,-3.660399,-0.247176,-0.403274,-0.303967,-0.132830,0.234019
0.193061,-3.666228,-0.247281,-0.403629,-0.304071,-0.132885,0.234259
0.193518,-3.671711,-0.247380,-0.403963,-0.304169,-0.132937,0.234485
0.193946,-3.676842,-0.247473,-0.404276,-0.304260,-0.132985,0.234696
0.194344,-3.681616,-0.247559,-0.404567,-0.304345,-0.133030,0.234892
0.194712,-3.686027,-0.247638,-0.404836,-0.304424,-0.133071,0.235074
0.195049,-3.690071,-0.247711,-0.405082,-0.304496,-0.133109,0.235241
0.195355,-3.693743,-0.247778,-0.405306,-0.304561,-0.133144,0.235392
0.195630,-3.697040,-0.247837,-0.405507,-0.304620,-0.133175,0.235527
0.195873,-3.699956,-0.247890,-0.405685,-0.304672,-0.133202,0.235647
0.196085,-3.702491,-0.247935,-0.405839,-0.304717,-0.133226,0.235752
0.196264,-3.704639,-0.247974,-0.405970,-0.304755,-0.133246,0.235840
0.196411,-3.706401,-0.248006,-0.406077,-0.304787,-0.133263,0.235913
0.196525,-3.707772,-0.248031,-0.406161,-0.304811,-0.133276,0.235969
0.196607,-3.708753,-0.248048,-0.406221,-0.304829,-0.133285,0.236010
0.196656,-3.709342,-0.248059,-0.406257,-0.304839,-0.133290,0.236034
0.196673,-3.709539,-0.248062,-0.406269,-0.304843,-0.133292,0.236042
0.196656,-3.709342,-0.248059,-0.406257,-0.304839,-0.133290,0.236034
0.196607,-3.708753,-0.248048,-0.406221,-0.304829,-0.133285,0.236010
0.196525,-3.707772,-0.248031,-0.406161,-0.304811,-0.133276,0.235969
0.196411,-3.706401,-0.248006,-0.406077,-0.304787,-0.133263,0.235913
0.196264,-3.704639,-0.247974,-0.405970,-0.304755,-0.133246,0.235840
0.196085,-3.702491,-0.247935,-0.405839,-0.304717,-0.133226,0.235752
0.195873,-3.699956,-0.247890,-0.405685,-0.304672,-0.133202,0.235647
0.195630,-3.697040,-0.247837,-0.405507,-0.304620,-0.133175,0.235527
0.195355,-3.693743,-0.247778,-0.405306,-0.304561,-0.133144,0.235392
0.195049,-3.690071,-0.247711,-0.405082,-0.304496,-0.133109,0.235241
0.194712,-3.686027,-0.247638,-0.404836,-0.304424,-0.133071,0.235074
0.194344,-3.681616,-0.247559,-0.404567,-0.304345,-0.133030,0.234892
0.193946,-3.676842,-0.247473,-0.404276,-0.304260,-0.132985,0.234696
0.193518,-3.671711,-0.247380,-0.403963,-0.304169,-0.132937,0.234485
0.193061,-3.666228,-0.247281,-0.403629,-0.304071,-0.132885,0.234259
0.192574,-3.660399,-0.247176,-0.403274,-0.303967,-0.132830,0.234019
0.192060,-3.654231,-0.247065,-0.402898,-0.303857,-0.132772,0.233765
0.191518,-3.647730,-0.246948,-0.402502,-0.303741,-0.132711,0.233498
0.190949,-3.640906,-0.246825,-0.402086,-0.303620,-0.132647,0.233217
0.190353,-3.633764,-0.246696,-0.401651,-0.303492,-0.132580,0.232923
0.189732,-3.626312,-0.246562,-0.401196,-0.303360,-0.132510,0.232616
0.189085,-3.618560,-0.246422,-0.400724,-0.303222,-0.132437,0.232297
0.188414,-3.610517,-0.246277,-0.400234,-0.303078,-0.132362,0.231966
0.187720,-3.602192,-0.246127,-0.399726,-0.302930,-0.132283,0.231623
0.187003,-3.593595,-0.245972,-0.399202,-0.302777,-0.132203,0.231269
0.186264,-3.584736,-0.245812,-0.398663,-0.302619,-0.132119,0.230904
0.185505,-3.575626,-0.245648,-0.398107,-0.302457,-0.132034,0.230529
0.184725,-3.566275,-0.245479,-0.397537,-0.302290,-0.131946,0.230144
0.183926,-3.556697,-0.245306,-0.396954,-0.302119,-0.131856,0.229750
0.183109,-3.546900,-0.245129,-0.396357,-0.301945,-0.131764,0.229347
0.182275,-3.536901,-0.244949,-0.395747,-0.301767,-0.131670,0.228935
0.181425,-3.526710,-0.244765,-0.395126,-0.301585,-0.131574,0.228516
0.180560,-3.516340,-0.244578,-0.394494,-0.301400,-0.131476,0.228089
0.179682,-3.505807,-0.244388,-0.393852,-0.301213,-0.131377,0.227655
0.178791,-3.495122,-0.244196,-0.393201,-0.301022,-0.131277,0.227215
0.177888,-3.484301,-0.244001,-0.392541,-0.300830,-0.131175,0.226770
0.176976,-3.473359,-0.243803,-0.391875,-0.300635,-0.131072,0.226319
0.176054,-3.462311,-0.243604,-0.391201,-0.300438,-0.130969,0.225864
0.175125,-3.451172,-0.243403,-0.390522,-0.300239,-0.130864,0.225406
0.174190,-3.439960,-0.243201,-0.389839,-0.300040,-0.130759,0.224944
0.173250,-3.428689,-0.242998,-0.389152,-0.299839,-0.130653,0.224480
0.172307,-3.417379,-0.242794,-0.388463,-0.299637,-0.130546,0.224015
0.171362,-3.406045,-0.242589,-0.387772,-0.299435,-0.130440,0.223548
0.170416,-3.394705,-0.242385,-0.387081,-0.299233,-0.130333,0.223081
0.169471,-3.383379,-0.242181,-0.386391,-0.299032,-0.130227,0.222615
0.168529,-3.372084,-0.241977,-0.385702,-0.298830,-0.130121,0.222150
0.167592,-3.360840,-0.241774,-0.385017,-0.298630,-0.130015,0.221687
0.166660,-3.349665,-0.241573,-0.384336,-0.298431,-0.129910,0.221227
0.165735,-3.338580,-0.241373,-0.383660,-0.298233,-0.129806,0.220771
0.164820,-3.327606,-0.241175,-0.382992,-0.298038,-0.129703,0.220319
0.163916,-3.316763,-0.240979,-0.382331,-0.297845,-0.129601,0.219873
0.163024,-3.306072,-0.240787,-0.381679,-0.297654,-0.129500,0.219433
0.162147,-3.295553,-0.240597,-0.381038,-0.297467,-0.129401,0.219000
0.161286,-3.285232,-0.240411,-0.380409,-0.297283,-0.129304,0.218575
0.160443,-3.275129,-0.240228,-0.379793,-0.297103,-0.129209,0.218159
0.159621,-3.265265,-0.240051,-0.379192,-0.296927,-0.129117,0.217753
0.158820,-3.255667,-0.239878,-0.378607,-0.296756,-0.129026,0.217358
0.158044,-3.246356,-0.239710,-0.378040,-0.296590,-0.128939,0.216974
0.157293,-3.237358,-0.239547,-0.377491,-0.296430,-0.128854,0.216604
0.156571,-3.228696,-0.239391,-0.376963,-0.296276,-0.128773,0.216247
0.155879,-3.220395,-0.239241,-0.376458,-0.296128,-0.128695,0.215906
0.155219,-3.212482,-0.239099,-0.375975,-0.295987,-0.128621,0.215580
0.154593,-3.204981,-0.238963,-0.375518,-0.295853,-0.128550,0.215271
0.154004,-3.197918,-0.238836,-0.375088,-0.295727,-0.128484,0.214980
0.153454,-3.191322,-0.238717,-0.374686,-0.295610,-0.128422,0.214709
0.152945,-3.185216,-0.238607,-0.374314,-0.295501,-0.128364,0.214457
0.152479,-3.179631,-0.238506,-0.373973,-0.295401,-0.128312,0.214228
0.152059,-3.174595,-0.238416,-0.373666,-0.295312,-0.128264,0.214020
0.151687,-3.170134,-0.238335,-0.373394,-0.295232,-0.128222,0.213837
0.151365,-3.166277,-0.238265,-0.373159,-0.295164,-0.128186,0.213678
0.151097,-3.163055,-0.238207,-0.372963,-0.295106,-0.128156,0.213545
0.150883,-3.160496,-0.238161,-0.372807,-0.295060,-0.128132,0.213440
0.150728,-3.158630,-0.238128,-0.372693,-0.295027,-0.128114,0.213363
0.150632,-3.157487,-0.238107,-0.372624,-0.295007,-0.128104,0.213316
0.150600,3.157100,0.238100,0.372600,0.295000,0.128100,-0.213300
0.150600,3.157100,0.238100,0.372600,0.295000,0.128100,0.213300
-0.150752,3.158492,0.238352,0.373096,0.295193,-0.128125,-0.213395
-0.151182,3.162436,0.239067,0.374502,0.295740,-0.128196,-0.213663
-0.151855,3.168600,0.240185,0.376700,0.296595,-0.128307,-0.214083
-0.152735,3.176664,0.241648,0.379575,0.297713,-0.128452,-0.214632
-0.153790,3.186326,0.243400,0.383020,0.299053,-0.128625,-0.215290
-0.154987,3.197294,0.245389,0.386931,0.300574,-0.128822,-0.216037
-0.156297,3.209293,0.247565,0.391209,0.302238,-0.129038,-0.216855
-0.157690,3.222063,0.249880,0.395762,0.304009,-0.129267,-0.217724
-0.159141,3.235358,0.252291,0.400502,0.305853,-0.129506,-0.218630
-0.160624,3.248943,0.254755,0.405346,0.307737,-0.129750,-0.219555
-0.162115,3.262605,0.257232,0.410217,0.309631,-0.129996,-0.220486
-0.163592,3.276138,0.259686,0.415042,0.311508,-0.130239,-0.221407
-0.165035,3.289355,0.262083,0.419754,0.313341,-0.130477,-0.222307
-0.166424,3.302082,0.264391,0.424292,0.315106,-0.130705,-0.223174
-0.167742,3.314158,0.266581,0.428598,0.316781,-0.130922,-0.223997
-0.168973,3.325440,0.268626,0.432620,0.318345,-0.131125,-0.224765
-0.170104,3.335798,0.270505,0.436313,0.319782,-0.131311,-0.225470
-0.171121,3.345114,0.272194,0.439634,0.321074,-0.131479,-0.226105
-0.172013,3.353287,0.273676,0.442548,0.322207,-0.131625,-0.226661
-0.172771,3.360231,0.274935,0.445024,0.323170,-0.131750,-0.227134
-0.173387,3.365873,0.275958,0.447036,0.323953,-0.131852,-0.227519
-0.173854,3.370156,0.276735,0.448563,0.324546,-0.131928,-0.227810
-0.174168,3.373034,0.277257,0.449589,0.324946,-0.131980,-0.228006
-0.174326,3.374482,0.277519,0.450105,0.325146,-0.132006,-0.228105
-0.174326,3.374482,0.277519,0.450105,0.325146,-0.132006,-0.228105
-0.174168,3.373034,0.277257,0.449589,0.324946,-0.131980,-0.228006
-0.173854,3.370156,0.276735,0.448563,0.324546,-0.131928,-0.227810
-0.173387,3.365873,0.275958,0.447036,0.323953,-0.131852,-0.227519
-0.172771,3.360231,0.274935,0.445024,0.323170,-0.131750,-0.227134
-0.172013,3.353287,0.273676,0.442548,0.322207,-0.131625,-0.226661
-0.171121,3.345114,0.272194,0.439634,0.321074,-0.131479,-0.226105
-0.170104,3.335798,0.270505,0.436313,0.319782,-0.131311,-0.225470
-0.168973,3.325440,0.268626,0.432620,0.318345,-0.131125,-0.224765
-0.167742,3.314158,0.266581,0.428598,0.316781,-0.130922,-0.223997
-0.166424,3.302082,0.264391,0.424292,0.315106,-0.130705,-0.223174
-0.165035,3.289355,0.262083,0.419754,0.313341,-0.130477,-0.222307
-0.163592,3.276138,0.259686,0.415042,0.311508,-0.130239,-0.221407
-0.162115,3.262605,0.257232,0.410217,0.309631,-0.129996,-0.220486
-0.160624,3.248943,0.254755,0.405346,0.307737,-0.129750,-0.219555
-0.159141,3.235358,0.252291,0.400502,0.305853,-0.129506,-0.218630
-0.157690,3.222063,0.249880,0.395762,0.304009,-0.129267,-0.217724
-0.156297,3.209293,0.247565,0.391209,0.302238,-0.129038,-0.216855
-0.154987,3.197294,0.245389,0.386931,0.300574,-0.128822,-0.216037
-0.153790,3.186326,0.243400,0.383020,0.299053,-0.128625,-0.215290
-0.152735,3.176664,0.241648,0.379575,0.297713,-0.128452,-0.214632
-0.151855,3.168600,0.240185,0.376700,0.296595,-0.128307,-0.214083
-0.151182,3.162436,0.239067,0.374502,0.295740,-0.128196,-0.213663
-0.150752,3.158492,0.238352,0.373096,0.295193,-0.128125,-0.213395
0.150600,3.157100,-0.238100,-0.372600,-0.295000,-0.128100,0.213300
0.150600,3.157100,0.238100,0.372600,0.295000,0.128100,0.213300
0.150615,3.157448,-0.238106,0.372603,0.295011,0.128105,0.213309
0.150659,3.158473,-0.238124,0.372611,0.295043,0.128119,0.213334
0.150732,3.160147,-0.238153,0.372624,0.295096,0.128141,0.213375
0.150831,3.162444,-0.238192,0.372642,0.295169,0.128172,0.213432
0.150956,3.165335,-0.238242,0.372665,0.295260,0.128212,0.213504
0.151106,3.168794,-0.238302,0.372693,0.295369,0.128258,0.213589
0.151279,3.172796,-0.238371,0.372725,0.295495,0.128313,0.213688
0.151475,3.177313,-0.238449,0.372760,0.295638,0.128374,0.213800
0.151692,3.182320,-0.238536,0.372800,0.295796,0.128442,0.213924
0.151929,3.187793,-0.238631,0.372844,0.295968,0.128516,0.214059
0.152185,3.193706,-0.238733,0.372891,0.296155,0.128596,0.214205
0.152459,3.200035,-0.238842,0.372941,0.296355,0.128682,0.214362
0.152749,3.206757,-0.238958,0.372994,0.296567,0.128773,0.214528
0.153056,3.213846,-0.239081,0.373050,0.296791,0.128869,0.214703
0.153378,3.221280,-0.239209,0.373110,0.297025,0.128969,0.214887
0.153714,3.229038,-0.239343,0.373171,0.297270,0.129074,0.215079
0.154063,3.237094,-0.239483,0.373235,0.297524,0.129184,0.215278
0.154423,3.245429,-0.239627,0.373301,0.297787,0.129296,0.215485
0.154795,3.254018,-0.239775,0.373370,0.298058,0.129413,0.215697
0.155177,3.262843,-0.239928,0.373440,0.298337,0.129532,0.215915
0.155569,3.271881,-0.240084,0.373511,0.298622,0.129655,0.216139
0.155968,3.281112,-0.240244,0.373585,0.298913,0.129780,0.216367
0.156375,3.290517,-0.240406,0.373659,0.299210,0.129907,0.216600
0.156789,3.300073,-0.240571,0.373735,0.299511,0.130037,0.216836
0.157208,3.309764,-0.240739,0.373812,0.299817,0.130168,0.217076
0.157633,3.319569,-0.240908,0.373890,0.300126,0.130301,0.217318
0.158061,3.329469,-0.241080,0.373969,0.300439,0.130435,0.217563
0.158493,3.339447,-0.241252,0.374048,0.300754,0.130570,0.217810
0.158928,3.349485,-0.241426,0.374128,0.301070,0.130706,0.218058
0.159364,3.359564,-0.241600,0.374207,0.301388,0.130842,0.218308
0.159802,3.369669,-0.241774,0.374288,0.301707,0.130979,0.218557
0.160239,3.379782,-0.241949,0.374368,0.302026,0.131116,0.218808
0.160677,3.389886,-0.242124,0.374448,0.302345,0.131253,0.219057
0.161113,3.399966,-0.242298,0.374528,0.302663,0.131390,0.219307
0.161548,3.410005,-0.242472,0.374608,0.302980,0.131526,0.219555
0.161980,3.419990,-0.242644,0.374687,0.303295,0.131661,0.219802
0.162409,3.429905,-0.242816,0.374766,0.303608,0.131795,0.220047
0.162835,3.439735,-0.242986,0.374844,0.303918,0.131928,0.220290
0.163256,3.449466,-0.243154,0.374921,0.304225,0.132060,0.220531
0.163672,3.459085,-0.243320,0.374998,0.304529,0.132190,0.220769
0.164083,3.468578,-0.243484,0.375073,0.304828,0.132319,0.221004
0.164488,3.477933,-0.243646,0.375147,0.305123,0.132446,0.221235
0.164886,3.487137,-0.243805,0.375220,0.305414,0.132570,0.221463
0.165278,3.496176,-0.243961,0.375292,0.305699,0.132693,0.221686
0.165662,3.505040,-0.244114,0.375363,0.305979,0.132813,0.221906
0.166037,3.513718,-0.244264,0.375431,0.306253,0.132930,0.222120
0.166404,3.522197,-0.244411,0.375499,0.306520,0.133045,0.222330
0.166762,3.530469,-0.244554,0.375565,0.306781,0.133157,0.222534
0.167111,3.538521,-0.244693,0.375628,0.307035,0.133266,0.222734
0.167449,3.546345,-0.244828,0.375690,0.307282,0.133372,0.222927
0.167778,3.553931,-0.244960,0.375751,0.307521,0.133475,0.223115
0.168095,3.561269,-0.245086,0.375809,0.307753,0.133575,0.223296
0.168402,3.568351,-0.245209,0.375865,0.307976,0.133670,0.223471
0.168697,3.575169,-0.245327,0.375919,0.308192,0.133763,0.223640
0.168981,3.581714,-0.245440,0.375971,0.308398,0.133851,0.223802
0.169252,3.587979,-0.245548,0.376021,0.308596,0.133936,0.223957
0.169510,3.593956,-0.245651,0.376069,0.308784,0.134017,0.224105
0.169756,3.599639,-0.245750,0.376114,0.308964,0.134094,0.224245
0.169989,3.605022,-0.245843,0.376156,0.309134,0.134167,0.224378
0.170209,3.610097,-0.245930,0.376197,0.309294,0.134236,0.224504
0.170415,3.614860,-0.246013,0.376234,0.309444,0.134300,0.224622
0.170608,3.619305,-0.246090,0.376270,0.309584,0.134361,0.224732
0.170786,3.623428,-0.246161,0.376303,0.309714,0.134416,0.224834
0.170950,3.627222,-0.246226,0.376333,0.309834,0.134468,0.224927
0.171100,3.630685,-0.246286,0.376360,0.309943,0.134515,0.225013
0.171236,3.633813,-0.246340,0.376385,0.310042,0.134557,0.225090
0.171356,3.636602,-0.246389,0.376407,0.310130,0.134595,0.225159
0.171462,3.639049,-0.246431,0.376427,0.310207,0.134628,0.225220
0.171553,3.641151,-0.246467,0.376443,0.310273,0.134657,0.225272
0.171629,3.642907,-0.246498,0.376457,0.310329,0.134680,0.225315
0.171690,3.644313,-0.246522,0.376468,0.310373,0.134699,0.225350
0.171736,3.645369,-0.246540,0.376477,0.310407,0.134714,0.225376
0.171767,3.646074,-0.246552,0.376482,0.310429,0.134723,0.225394
0.171782,3.646427,-0.246558,0.376485,0.310440,0.134728,0.225402
0.171782,3.646427,-0.246558,0.376485,0.310440,0.134728,0.225402
0.171767,3.646074,-0.246552,0.376482,0.310429,0.134723,0.225394
0.171736,3.645369,-0.246540,0.376477,0.310407,0.134714,0.225376
0.171690,3.644313,-0.246522,0.376468,0.310373,0.134699,0.225350
0.171629,3.642907,-0.246498,0.376457,0.310329,0.134680,0.225315
0.171553,3.641151,-0.246467,0.376443,0.310273,0.134657,0.225272
0.171462,3.639049,-0.246431,0.376427,0.310207,0.134628,0.225220
0.171356,3.636602,-0.246389,0.376407,0.310130,0.134595,0.225159
0.171236,3.633813,-0.246340,0.376385,0.310042,0.134557,0.225090
0.171100,3.630685,-0.246286,0.376360,0.309943,0.134515,0.225013
0.170950,3.627222,-0.246226,0.376333,0.309834,0.134468,0.224927
0.170786,3.623428,-0.246161,0.376303,0.309714,0.134416,0.224834
0.170608,3.619305,-0.246090,0.376270,0.309584,0.134361,0.224732
0.170415,3.614860,-0.246013,0.376234,0.309444,0.134300,0.224622
0.170209,3.610097,-0.245930,0.376197,0.309294,0.134236,0.224504
0.169989,3.605022,-0.245843,0.376156,0.309134,0.134167,0.224378
0.169756,3.599639,-0.245750,0.376114,0.308964,0.134094,0.224245
0.169510,3.593956,-0.245651,0.376069,0.308784,0.134017,0.224105
0.169252,3.587979,-0.245548,0.376021,0.308596,0.133936,0.223957
0.168981,3.581714,-0.245440,0.375971,0.308398,0.133851,0.223802
0.168697,3.575169,-0.245327,0.375919,0.308192,0.133763,0.223640
0.168402,3.568351,-0.245209,0.375865,0.307976,0.133670,0.223471
0.168095,3.561269,-0.245086,0.375809,0.307753,0.133575,0.223296
0.167778,3.553931,-0.244960,0.375751,0.307521,0.133475,0.223115
0.167449,3.546345,-0.244828,0.375690,0.307282,0.133372,0.222927
0.167111,3.538521,-0.244693,0.375628,0.307035,0.133266,0.222734
0.166762,3.530469,-0.244554,0.375565,0.306781,0.133157,0.222534
0.166404,3.522197,-0.244411,0.375499,0.306520,0.133045,0.222330
0.166037,3.513718,-0.244264,0.375431,0.306253,0.132930,0.222120
0.165662,3.505040,-0.244114,0.375363,0.305979,0.132813,0.221906
0.165278,3.496176,-0.243961,0.375292,0.305699,0.132693,0.221686
0.164886,3.487137,-0.243805,0.375220,0.305414,0.132570,0.221463
0.164488,3.477933,-0.243646,0.375147,0.305123,0.132446,0.221235
0.164083,3.468578,-0.243484,0.375073,0.304828,0.132319,0.221004
0.163672,3.459085,-0.243320,0.374998,0.304529,0.132190,0.220769
0.163256,3.449466,-0.243154,0.374921,0.304225,0.132060,0.220531
0.162835,3.439735,-0.242986,0.374844,0.303918,0.131928,0.220290
0.162409,3.429905,-0.242816,0.374766,0.303608,0.131795,0.220047
0.161980,3.419990,-0.242644,0.374687,0.303295,0.131661,0.219802
0.161548,3.410005,-0.242472,0.374608,0.302980,0.131526,0.219555
0.161113,3.399966,-0.242298,0.374528,0.302663,0.131390,0.219307
0.160677,3.389886,-0.242124,0.374448,0.302345,0.131253,0.219057
0.160239,3.379782,-0.241949,0.374368,0.302026,0.131116,0.218808
0.159802,3.369669,-0.241774,0.374288,0.301707,0.130979,0.218557
0.159364,3.359564,-0.241600,0.374207,0.301388,0.130842,0.218308
0.158928,3.349485,-0.241426,0.374128,0.301070,0.130706,0.218058
0.158493,3.339447,-0.241252,0.374048,0.300754,0.130570,0.217810
0.158061,3.329469,-0.241080,0.373969,0.300439,0.130435,0.217563
0.157633,3.319569,-0.240908,0.373890,0.300126,0.130301,0.217318
0.157208,3.309764,-0.240739,0.373812,0.299817,0.130168,0.217076
0.156789,3.300073,-0.240571,0.373735,0.299511,0.130037,0.216836
0.156375,3.290517,-0.240406,0.373659,0.299210,0.129907,0.216600
0.155968,3.281112,-0.240244,0.373585,0.298913,0.129780,0.216367
0.155569,3.271881,-0.240084,0.373511,0.298622,0.129655,0.216139
0.155177,3.262843,-0.239928,0.373440,0.298337,0.129532,0.215915
0.154795,3.254018,-0.239775,0.373370,0.298058,0.129413,0.215697
0.154423,3.245429,-0.239627,0.373301,0.297787,0.129296,0.215485
0.154063,3.237094,-0.239483,0.373235,0.297524,0.129184,0.215278
0.153714,3.229038,-0.239343,0.373171,0.297270,0.129074,0.215079
0.153378,3.221280,-0.239209,0.373110,0.297025,0.128969,0.214887
0.153056,3.213846,-0.239081,0.373050,0.296791,0.128869,0.214703
0.152749,3.206757,-0.238958,0.372994,0.296567,0.128773,0.214528
0.152459,3.200035,-0.238842,0.372941,0.296355,0.128682,0.214362
0.152185,3.193706,-0.238733,0.372891,0.296155,0.128596,0.214205
0.151929,3.187793,-0.238631,0.372844,0.295968,0.128516,0.214059
0.151692,3.182320,-0.238536,0.372800,0.295796,0.128442,0.213924
0.151475,3.177313,-0.238449,0.372760,0.295638,0.128374,0.213800
0.151279,3.172796,-0.238371,0.372725,0.295495,0.128313,0.213688
0.151106,3.168794,-0.238302,0.372693,0.295369,0.128258,0.213589
0.150956,3.165335,-0.238242,0.372665,0.295260,0.128212,0.213504
0.150831,3.162444,-0.238192,0.372642,0.295169,0.128172,0.213432
0.150732,3.160147,-0.238153,0.372624,0.295096,0.128141,0.213375
0.150659,3.158473,-0.238124,0.372611,0.295043,0.128119,0.213334
0.150615,3.157448,-0.238106,0.372603,0.295011,0.128105,0.213309
0.150600,3.157100,-0.238100,0.372600,0.295000,0.128100,-0.213300
0.150600,3.157100,0.238100,0.372600,0.295000,0.128100,0.213300
-0.150723,-3.157339,-0.238110,-0.372682,0.295001,0.128103,-0.213486
-0.151082,-3.158036,-0.238139,-0.372921,0.295006,0.128110,-0.214029
-0.151662,-3.159162,-0.238187,-0.373307,0.295012,0.128122,-0.214906
-0.152449,-3.160689,-0.238252,-0.373831,0.295021,0.128139,-0.216095
-0.153429,-3.162591,-0.238332,-0.374483,0.295033,0.128159,-0.217576
-0.154587,-3.164840,-0.238427,-0.375254,0.295046,0.128184,-0.219327
-0.155911,-3.167411,-0.238535,-0.376135,0.295061,0.128211,-0.221329
-0.157386,-3.170276,-0.238656,-0.377117,0.295078,0.128242,-0.223559
-0.159001,-3.173411,-0.238788,-0.378192,0.295097,0.128276,-0.226001
-0.160743,-3.176792,-0.238931,-0.379352,0.295117,0.128313,-0.228634
-0.162598,-3.180394,-0.239083,-0.380587,0.295138,0.128352,-0.231439
-0.164556,-3.184196,-0.239244,-0.381890,0.295160,0.128393,-0.234399
-0.166605,-3.188173,-0.239411,-0.383254,0.295184,0.128436,-0.237496
-0.168733,-3.192304,-0.239586,-0.384670,0.295208,0.128480,-0.240713
-0.170929,-3.196567,-0.239766,-0.386132,0.295234,0.128526,-0.244033
-0.173182,-3.200942,-0.239950,-0.387632,0.295260,0.128574,-0.247440
-0.175482,-3.205408,-0.240139,-0.389163,0.295286,0.128622,-0.250917
-0.177819,-3.209946,-0.240330,-0.390719,0.295313,0.128671,-0.254451
-0.180184,-3.214536,-0.240524,-0.392293,0.295340,0.128721,-0.258025
-0.182565,-3.219160,-0.240719,-0.393878,0.295368,0.128770,-0.261626
-0.184955,-3.223800,-0.240915,-0.395469,0.295395,0.128821,-0.265239
-0.187344,-3.228438,-0.241111,-0.397060,0.295423,0.128871,-0.268851
-0.189724,-3.233058,-0.241306,-0.398644,0.295450,0.128921,-0.272449
-0.192087,-3.237645,-0.241499,-0.400216,0.295477,0.128970,-0.276020
-0.194424,-3.242182,-0.241691,-0.401772,0.295504,0.129019,-0.279553
-0.196727,-3.246654,-0.241880,-0.403305,0.295531,0.129068,-0.283036
-0.198990,-3.251048,-0.242065,-0.404812,0.295557,0.129115,-0.286457
-0.201205,-3.255349,-0.242247,-0.406286,0.295582,0.129161,-0.289806
-0.203366,-3.259544,-0.242424,-0.407725,0.295607,0.129207,-0.293073
-0.205466,-3.263621,-0.242596,-0.409123,0.295631,0.129251,-0.296248
-0.207499,-3.267567,-0.242762,-0.410476,0.295654,0.129293,-0.299321
-0.209459,-3.271373,-0.242923,-0.411780,0.295677,0.129335,-0.302284
-0.211341,-3.275026,-0.243077,-0.413033,0.295699,0.129374,-0.305129
-0.213139,-3.278516,-0.243224,-0.414230,0.295719,0.129412,-0.307847
-0.214848,-3.281836,-0.243364,-0.415368,0.295739,0.129448,-0.310431
-0.216464,-3.284974,-0.243497,-0.416444,0.295757,0.129482,-0.312875
-0.217983,-3.287922,-0.243621,-0.417455,0.295775,0.129513,-0.315171
-0.219400,-3.290674,-0.243737,-0.418398,0.295791,0.129543,-0.317313
-0.220713,-3.293221,-0.243845,-0.419272,0.295806,0.129571,-0.319297
-0.221916,-3.295558,-0.243944,-0.420073,0.295820,0.129596,-0.321117
-0.223008,-3.297678,-0.244033,-0.420800,0.295833,0.129619,-0.322768
-0.223986,-3.299576,-0.244113,-0.421451,0.295844,0.129639,-0.324246
-0.224847,-3.301248,-0.244184,-0.422024,0.295854,0.129657,-0.325547
-0.225589,-3.302688,-0.244244,-0.422517,0.295862,0.129673,-0.326669
-0.226210,-3.303894,-0.244295,-0.422931,0.295870,0.129686,-0.327608
-0.226708,-3.304862,-0.244336,-0.423263,0.295875,0.129696,-0.328362
-0.227083,-3.305589,-0.244367,-0.423512,0.295880,0.129704,-0.328929
-0.227334,-3.306076,-0.244387,-0.423679,0.295882,0.129710,-0.329307
-0.227459,-3.306320,-0.244398,-0.423763,0.295884,0.129712,-0.329497
-0.227459,-3.306320,-0.244398,-0.423763,0.295884,0.129712,-0.329497
-0.227334,-3.306076,-0.244387,-0.423679,0.295882,0.129710,-0.329307
-0.227083,-3.305589,-0.244367,-0.423512,0.295880,0.129704,-0.328929
-0.226708,-3.304862,-0.244336,-0.423263,0.295875,0.129696,-0.328362
-0.226210,-3.303894,-0.244295,-0.422931,0.295870,0.129686,-0.327608
-0.225589,-3.302688,-0.244244,-0.422517,0.295862,0.129673,-0.326669
-0.224847,-3.301248,-0.244184,-0.422024,0.295854,0.129657,-0.325547
-0.223986,-3.299576,-0.244113,-0.421451,0.295844,0.129639,-0.324246
-0.223008,-3.297678,-0.244033,-0.420800,0.295833,0.129619,-0.322768
-0.221916,-3.295558,-0.243944,-0.420073,0.295820,0.129596,-0.321117
-0.220713,-3.293221,-0.243845,-0.419272,0.295806,0.129571,-0.319297
-0.219400,-3.290674,-0.243737,-0.418398,0.295791,0.129543,-0.317313
-0.217983,-3.287922,-0.243621,-0.417455,0.295775,0.129513,-0.315171
-0.216464,-3.284974,-0.243497,-0.416444,0.295757,0.129482,-0.312875
-0.214848,-3.281836,-0.243364,-0.415368,0.295739,0.129448,-0.310431
-0.213139,-3.278516,-0.243224,-0.414230,0.295719,0.129412,-0.307847
-0.211341,-3.275026,-0.243077,-0.413033,0.295699,0.129374,-0.305129
-0.209459,-3.271373,-0.242923,-0.411780,0.295677,0.129335,-0.302284
-0.207499,-3.267567,-0.242762,-0.410476,0.295654,0.129293,-0.299321
-0.205466,-3.263621,-0.242596,-0.409123,0.295631,0.129251,-0.296248
-0.203366,-3.259544,-0.242424,-0.407725,0.295607,0.129207,-0.293073
-0.201205,-3.255349,-0.242247,-0.406286,0.295582,0.129161,-0.289806
-0.198990,-3.251048,-0.242065,-0.404812,0.295557,0.129115,-0.286457
-0.196727,-3.246654,-0.241880,-0.403305,0.295531,0.129068,-0.283036
-0.194424,-3.242182,-0.241691,-0.401772,0.295504,0.129019,-0.279553
-0.192087,-3.237645,-0.241499,-0.400216,0.295477,0.128970,-0.276020
-0.189724,-3.233058,-0.241306,-0.398644,0.295450,0.128921,-0.272449
-0.187344,-3.228438,-0.241111,-0.397060,0.295423,0.128871,-0.268851
-0.184955,-3.223800,-0.240915,-0.395469,0.295395,0.128821,-0.265239
-0.182565,-3.219160,-0.240719,-0.393878,0.295368,0.128770,-0.261626
-0.180184,-3.214536,-0.240524,-0.392293,0.295340,0.128721,-0.258025
-0.177819,-3.209946,-0.240330,-0.390719,0.295313,0.128671,-0.254451
-0.175482,-3.205408,-0.240139,-0.389163,0.295286,0.128622,-0.250917
-0.173182,-3.200942,-0.239950,-0.387632,0.295260,0.128574,-0.247440
-0.170929,-3.196567,-0.239766,-0.386132,0.295234,0.128526,-0.244033
-0.168733,-3.192304,-0.239586,-0.384670,0.295208,0.128480,-0.240713
-0.166605,-3.188173,-0.239411,-0.383254,0.295184,0.128436,-0.237496
-0.164556,-3.184196,-0.239244,-0.381890,0.295160,0.128393,-0.234399
-0.162598,-3.180394,-0.239083,-0.380587,0.295138,0.128352,-0.231439
-0.160743,-3.176792,-0.238931,-0.379352,0.295117,0.128313,-0.228634
-0.159001,-3.173411,-0.238788,-0.378192,0.295097,0.128276,-0.226001
-0.157386,-3.170276,-0.238656,-0.377117,0.295078,0.128242,-0.223559
-0.155911,-3.167411,-0.238535,-0.376135,0.295061,0.128211,-0.221329
-0.154587,-3.164840,-0.238427,-0.375254,0.295046,0.128184,-0.219327
-0.153429,-3.162591,-0.238332,-0.374483,0.295033,0.128159,-0.217576
-0.152449,-3.160689,-0.238252,-0.373831,0.295021,0.128139,-0.216095
-0.151662,-3.159162,-0.238187,-0.373307,0.295012,0.128122,-0.214906
-0.151082,-3.158036,-0.238139,-0.372921,0.295006,0.128110,-0.214029
-0.150723,-3.157339,-0.238110,-0.372682,0.295001,0.128103,-0.213486
0.150600,3.157100,0.238100,0.372600,-0.295000,-0.128100,-0.213300
0.150600,3.157100,0.238100,0.372600,0.295000,0.128100,0.213300
0.150723,3.157339,0.238110,0.372682,-0.295001,-0.128103,0.213486
0.151082,3.158036,0.238139,0.372921,-0.295006,-0.128110,0.214029
0.151662,3.159162,0.238187,0.373307,-0.295012,-0.128122,0.214906
0.152449,3.160689,0.238252,0.373831,-0.295021,-0.128139,0.216095
0.153429,3.162591,0.238332,0.374483,-0.295033,-0.128159,0.217576
0.154587,3.164840,0.238427,0.375254,-0.295046,-0.128184,0.219327
0.155911,3.167411,0.238535,0.376135,-0.295061,-0.128211,0.221329
0.157386,3.170276,0.238656,0.377117,-0.295078,-0.128242,0.223559
0.159001,3.173411,0.238788,0.378192,-0.295097,-0.128276,0.226001
0.160743,3.176792,0.238931,0.379352,-0.295117,-0.128313,0.228634
0.162598,3.180394,0.239083,0.380587,-0.295138,-0.128352,0.231439
0.164556,3.184196,0.239244,0.381890,-0.295160,-0.128393,0.234399
0.166605,3.188173,0.239411,0.383254,-0.295184,-0.128436,0.237496
0.168733,3.192304,0.239586,0.384670,-0.295208,-0.128480,0.240713
0.170929,3.196567,0.239766,0.386132,-0.295234,-0.128526,0.244033
0.173182,3.200942,0.239950,0.387632,-0.295260,-0.128574,0.247440
0.175482,3.205408,0.240139,0.389163,-0.295286,-0.128622,0.250917
0.177819,3.209946,0.240330,0.390719,-0.295313,-0.128671,0.254451
0.180184,3.214536,0.240524,0.392293,-0.295340,-0.128721,0.258025
0.182565,3.219160,0.240719,0.393878,-0.295368,-0.128770,0.261626
0.184955,3.223800,0.240915,0.395469,-0.295395,-0.128821,0.265239
0.187344,3.228438,0.241111,0.397060,-0.295423,-0.128871,0.268851
0.189724,3.233058,0.241306,0.398644,-0.295450,-0.128921,0.272449
0.192087,3.237645,0.241499,0.400216,-0.295477,-0.128970,0.276020
0.194424,3.242182,0.241691,0.401772,-0.295504,-0.129019,0.279553
0.196727,3.246654,0.241880,0.403305,-0.295531,-0.129068,0.283036
0.198990,3.251048,0.242065,0.404812,-0.295557,-0.129115,0.286457
0.201205,3.255349,0.242247,0.406286,-0.295582,-0.129161,0.289806
0.203366,3.259544,0.242424,0.407725,-0.295607,-0.129207,0.293073
0.205466,3.263621,0.242596,0.409123,-0.295631,-0.129251,0.296248
0.207499,3.267567,0.242762,0.410476,-0.295654,-0.129293,0.299321
0.209459,3.271373,0.242923,0.411780,-0.295677,-0.129335,0.302284
0.211341,3.275026,0.243077,0.413033,-0.295699,-0.129374,0.305129
0.213139,3.278516,0.243224,0.414230,-0.295719,-0.129412,0.307847
0.214848,3.281836,0.243364,0.415368,-0.295739,-0.129448,0.310431
0.216464,3.284974,0.243497,0.416444,-0.295757,-0.129482,0.312875
0.217983,3.287922,0.243621,0.417455,-0.295775,-0.129513,0.315171
0.219400,3.290674,0.243737,0.418398,-0.295791,-0.129543,0.317313
0.220713,3.293221,0.243845,0.419272,-0.295806,-0.129571,0.319297
0.221916,3.295558,0.243944,0.420073,-0.295820,-0.129596,0.321117
0.223008,3.297678,0.244033,0.420800,-0.295833,-0.129619,0.322768
0.223986,3.299576,0.244113,0.421451,-0.295844,-0.129639,0.324246
0.224847,3.301248,0.244184,0.422024,-0.295854,-0.129657,0.325547
0.225589,3.302688,0.244244,0.422517,-0.295862,-0.129673,0.326669
0.226210,3.303894,0.244295,0.422931,-0.295870,-0.129686,0.327608
0.226708,3.304862,0.244336,0.423263,-0.295875,-0.129696,0.328362
0.227083,3.305589,0.244367,0.423512,-0.295880,-0.129704,0.328929
0.227334,3.306076,0.244387,0.423679,-0.295882,-0.129710,0.329307
0.227459,3.306320,0.244398,0.423763,-0.295884,-0.129712,0.329497
0.227459,3.306320,0.244398,0.423763,-0.295884,-0.129712,0.329497
0.227334,3.306076,0.244387,0.423679,-0.295882,-0.129710,0.329307
0.227083,3.305589,0.244367,0.423512,-0.295880,-0.129704,0.328929
0.226708,3.304862,0.244336,0.423263,-0.295875,-0.129696,0.328362
0.226210,3.303894,0.244295,0.422931,-0.295870,-0.129686,0.327608
0.225589,3.302688,0.244244,0.422517,-0.295862,-0.129673,0.326669
0.224847,3.301248,0.244184,0.422024,-0.295854,-0.129657,0.325547
0.223986,3.299576,0.244113,0.421451,-0.295844,-0.129639,0.324246
0.223008,3.297678,0.244033,0.420800,-0.295833,-0.129619,0.322768
0.221916,3.295558,0.243944,0.420073,-0.295820,-0.129596,0.321117
0.220713,3.293221,0.243845,0.419272,-0.295806,-0.129571,0.319297
0.219400,3.290674,0.243737,0.418398,-0.295791,-0.129543,0.317313
0.217983,3.287922,0.243621,0.417455,-0.295775,-0.129513,0.315171
0.216464,3.284974,0.243497,0.416444,-0.295757,-0.129482,0.312875
0.214848,3.281836,0.243364,0.415368,-0.295739,-0.129448,0.310431
0.213139,3.278516,0.243224,0.414230,-0.295719,-0.129412,0.307847
0.211341,3.275026,0.243077,0.413033,-0.295699,-0.129374,0.305129
0.209459,3.271373,0.242923,0.411780,-0.295677,-0.129335,0.302284
0.207499,3.267567,0.242762,0.410476,-0.295654,-0.129293,0.299321
0.205466,3.263621,0.242596,0.409123,-0.295631,-0.129251,0.296248
0.203366,3.259544,0.242424,0.407725,-0.295607,-0.129207,0.293073
0.201205,3.255349,0.242247,0.406286,-0.295582,-0.129161,0.289806
0.198990,3.251048,0.242065,0.404812,-0.295557,-0.129115,0.286457
0.196727,3.246654,0.241880,0.403305,-0.295531,-0.129068,0.283036
0.194424,3.242182,0.241691,0.401772,-0.295504,-0.129019,0.279553
0.192087,3.237645,0.241499,0.400216,-0.295477,-0.128970,0.276020
0.189724,3.233058,0.241306,0.398644,-0.295450,-0.128921,0.272449
0.187344,3.228438,0.241111,0.397060,-0.295423,-0.128871,0.268851
0.184955,3.223800,0.240915,0.395469,-0.295395,-0.128821,0.265239
0.182565,3.219160,0.240719,0.393878,-0.295368,-0.128770,0.261626
0.180184,3.214536,0.240524,0.392293,-0.295340,-0.128721,0.258025
0.177819,3.209946,0.240330,0.390719,-0.295313,-0.128671,0.254451
0.175482,3.205408,0.240139,0.389163,-0.295286,-0.128622,0.250917
0.173182,3.200942,0.239950,0.387632,-0.295260,-0.128574,0.247440
0.170929,3.196567,0.239766,0.386132,-0.295234,-0.128526,0.244033
0.168733,3.192304,0.239586,0.384670,-0.295208,-0.128480,0.240713
0.166605,3.188173,0.239411,0.383254,-0.295184,-0.128436,0.237496
0.164556,3.184196,0.239244,0.381890,-0.295160,-0.128393,0.234399
0.162598,3.180394,0.239083,0.380587,-0.295138,-0.128352,0.231439
0.160743,3.176792,0.238931,0.379352,-0.295117,-0.128313,0.228634
0.159001,3.173411,0.238788,0.378192,-0.295097,-0.128276,0.226001
0.157386,3.170276,0.238656,0.377117,-0.295078,-0.128242,0.223559
0.155911,3.167411,0.238535,0.376135,-0.295061,-0.128211,0.221329
0.154587,3.164840,0.238427,0.375254,-0.295046,-0.128184,0.219327
0.153429,3.162591,0.238332,0.374483,-0.295033,-0.128159,0.217576
0.152449,3.160689,0.238252,0.373831,-0.295021,-0.128139,0.216095
0.151662,3.159162,0.238187,0.373307,-0.295012,-0.128122,0.214906
0.151082,3.158036,0.238139,0.372921,-0.295006,-0.128110,0.214029
0.150723,3.157339,0.238110,0.372682,-0.295001,-0.128103,0.213486
-0.150600,-3.157100,-0.238100,-0.372600,0.295000,0.128100,0.213300
