0.030346393585205078
0.0637660026550293
0.09705758094787598
0.13044977188110352
0.1638185977935791
0.1970505714416504
0.23044610023498535
0.263765811920166
0.29706907272338867
0.33045101165771484
0.36386537551879883
0.3970797061920166
0.4302256107330322
0.46381592750549316
0.4970536231994629
0.5303287506103516
0.5637784004211426
0.597095251083374
0.6304054260253906
0.6638004779815674
0.6970784664154053
0.7303731441497803
0.7638678550720215
0.7971229553222656
0.8304421901702881
0.8637852668762207
0.8971085548400879
0.9302246570587158
0.9637889862060547
0.9970893859863281
1.0304179191589355
1.0638296604156494
1.0970990657806396
1.130427598953247
1.1638474464416504
1.1971423625946045
1.230438470840454
1.2637789249420166
1.297070026397705
1.3304376602172852
1.3637669086456299
1.3970823287963867
1.4304149150848389
1.4638073444366455
1.4971072673797607
1.530487060546875
1.5638153553009033
1.597095012664795
1.6304688453674316
1.663862705230713
1.6971805095672607
1.730431318283081
1.7637526988983154
1.797147512435913
1.8304016590118408
1.8637821674346924
1.8970715999603271
1.930389642715454
1.9638001918792725
1.9971072673797607
2.0305023193359375
2.063791275024414
2.0970561504364014
2.13031005859375
2.1638121604919434
2.1971123218536377
2.2304370403289795
2.2637417316436768
2.297132968902588
2.330385446548462
2.3637754917144775
2.39711332321167
2.4304680824279785
2.463822841644287
2.4970974922180176
2.5304646492004395
2.563812732696533
2.5970661640167236
2.6303911209106445
2.6637399196624756
2.6970133781433105
2.7304718494415283
2.763806104660034
2.7970638275146484
2.8303990364074707
2.8638033866882324
2.897117853164673
2.930441379547119
2.9637510776519775
2.997101306915283
3.0304524898529053
3.0639185905456543
3.0970959663391113
3.130418539047241
3.1636245250701904
3.1968863010406494
3.2303624153137207
3.2639026641845703
3.2971158027648926
3.3302807807922363
3.36383318901062
3.3969192504882812
3.4304397106170654
3.4636077880859375
3.497046709060669
3.5304434299468994
3.5637991428375244
3.5971360206604004
3.630436897277832
3.663694381713867
3.6970715522766113
3.7305121421813965
3.7636501789093018
3.797144889831543
3.830434560775757
3.86366868019104
3.897077798843384
3.930386781692505
3.963758707046509
3.9971656799316406
4.030414581298828
4.063771486282349
4.097075700759888
4.130486488342285
4.163815975189209
4.197125673294067
4.230422258377075
4.263747930526733
4.297034740447998
4.330475091934204
4.363877296447754
4.3971474170684814
4.4304749965667725
4.463754653930664
4.497077703475952
4.5304131507873535
4.563775539398193
4.59713339805603
4.6304826736450195
4.66386604309082
4.697102069854736
4.730420827865601
4.7638020515441895
4.797130584716797
4.8304877281188965
4.863776445388794
4.897188425064087
4.930377006530762
4.963767766952515
4.997122764587402
5.0303308963775635
5.063763618469238
5.097044467926025
5.130450963973999
5.1637468338012695
5.197076320648193
5.23038387298584
5.263769865036011
5.297131776809692
5.330374717712402
5.36379861831665
5.397099256515503
5.4304609298706055
5.463824033737183
5.497105360031128
5.530363321304321
5.563769102096558
5.597118616104126
5.630247354507446
5.663769483566284
5.697083234786987
5.730430364608765
5.763769865036011
5.79708194732666
5.830466032028198
5.863780736923218
5.897242069244385
5.93041729927063
5.963718414306641
5.997051477432251
6.030457973480225
6.063755035400391
6.097119569778442
6.1304309368133545
6.1638147830963135
6.197024822235107
6.230448246002197
6.263800621032715
6.297099590301514
6.330432415008545
6.363824129104614
6.39709734916687
6.430440187454224
6.463886976242065
6.497095108032227
6.530361890792847
6.56367564201355
6.597099542617798
6.63043475151062
6.663679599761963
6.697163343429565
6.730382204055786
6.763756036758423
6.797099351882935
6.830392360687256
6.863660573959351
6.897160053253174
6.9304468631744385
6.963799238204956
6.997110843658447
7.030434608459473
7.063777685165405
7.097076892852783
7.130469560623169
7.163778305053711
7.197119235992432
7.230485677719116
7.2638936042785645
7.297077655792236
7.330404996871948
7.363890647888184
7.397183656692505
7.430524110794067
7.463812589645386
7.49721097946167
7.530462265014648
7.563744306564331
7.597134351730347
7.630416631698608
7.663865327835083
7.6971635818481445
7.730393648147583
7.763842821121216
7.797137022018433
7.830473899841309
7.86380672454834
7.8971028327941895
7.930365085601807
7.963855743408203
7.997135400772095
8.030303001403809
8.063802003860474
8.097127676010132
8.130263566970825
8.163759708404541
8.197083711624146
8.230377674102783
8.263917446136475
8.297160148620605
8.330475807189941
8.363763809204102
8.396934747695923
8.4304358959198
8.4638192653656
8.497204303741455
8.530540943145752
8.563790321350098
8.59712815284729
8.630506753921509
8.663815259933472
8.697086572647095
8.730430841445923
8.763809442520142
8.797077655792236
8.830427646636963
8.863912582397461
8.897087335586548
8.930423498153687
8.963807821273804
8.997073650360107
9.030455827713013
9.063812732696533
9.0970938205719
9.1304292678833
9.163708925247192
9.197115421295166
9.230409383773804
9.263636589050293
9.297137975692749
9.33046579360962
9.363841772079468
9.397111654281616
9.430423974990845
9.463745594024658
9.497113466262817
9.530425786972046
9.563786268234253
9.597095489501953
9.630486488342285
9.663836002349854
9.697124719619751
9.730403900146484
9.763580322265625
9.797109842300415
9.830459833145142
9.863805294036865
9.897100925445557
9.930503368377686
9.963797092437744
9.997154951095581
10.030441999435425
10.063621520996094
10.097128629684448
10.130429983139038
10.163823366165161
10.197102069854736
10.23043179512024
10.263835668563843
10.297099828720093
10.330422401428223
10.363966226577759
10.397094011306763
10.430236339569092
10.463756084442139
10.497082233428955
10.5304434299469
10.563785791397095
10.597091674804688
10.630495309829712
10.663842916488647
10.697136402130127
10.730437755584717
10.763826847076416
10.797054767608643
10.830373048782349
10.863943815231323
10.897153377532959
10.930444717407227
10.9638090133667
10.997093439102173
