-0.41839879751205444	-45.78553009033203	-1.5660431385040283	19.130069732666016	0.1690783053636551	0.9860795140266418	0.4909816086292267
-0.30334752798080444	-45.82520294189453	-1.5660431385040283	19.165775299072266	0.1425280123949051	1.005305528640747	0.6328883171081543
0.18859583139419556	-46.35285186767578	-1.5263702869415283	19.165775299072266	0.1516832858324051	0.9558671116828918	0.5926051139831543
0.26794153451919556	-46.76941680908203	-1.6017487049102783	19.205448150634766	0.1333727389574051	0.9659379124641418	0.6228175163269043
0.22826868295669556	-46.73371124267578	-1.7167999744415283	19.094364166259766	0.08027215301990509	0.9659379124641418	0.6539454460144043
0.41869837045669556	-47.07489776611328	-1.7167999744415283	19.094364166259766	0.05463738739490509	0.9467118382453918	0.7042994499206543
0.9899874329566956	-47.15027618408203	-1.5263702869415283	19.241153717041016	0.05463738739490509	0.9860795140266418	0.6026759147644043
0.9899874329566956	-47.33673858642578	-1.6017487049102783	19.165775299072266	0.03632684051990509	0.9961503148078918	0.6127467155456543
0.9503145813941956	-47.49146270751953	-1.5660431385040283	19.241153717041016	0.02808709442615509	1.015376329421997	0.6127467155456543
0.8749361634254456	-47.56684112548828	-1.7961456775665283	19.241153717041016	0.009776546619832516	1.025447130203247	0.5623927116394043
1.0653657913208008	-47.45178985595703	-1.7167999744415283	19.280826568603516	0.04548211395740509	1.045588731765747	0.5120387077331543
0.8749361634254456	-47.41608428955078	-1.7564728260040283	19.018985748291016	0.06287713348865509	1.005305528640747	0.5221095085144043
1.0653657913208008	-47.52716827392578	-1.6810944080352783	19.130069732666016	0.05463738739490509	1.055659532546997	0.4305568039417267
1.2557954788208008	-47.90802764892578	-1.5263702869415283	19.356204986572266	0.08027215301990509	1.095027208328247	0.5120387077331543
1.5969820022583008	-47.86835479736328	-1.4509918689727783	19.467288970947266	0.09858269989490509	1.124324083328247	0.4406276047229767
1.4819307327270508	-47.56684112548828	-1.3756134510040283	19.356204986572266	0.10682244598865509	1.134394884109497	0.3490748703479767
0.8352633118629456	-47.07489776611328	-1.8318512439727783	19.165775299072266	0.10682244598865509	1.084956407546997	0.4506984055042267
0.6845064759254456	-47.60254669189453	-1.9865753650665283	19.316532135009766	0.1251329928636551	1.105098009109497	0.3591456711292267
1.2915010452270508	-47.45178985595703	-1.6017487049102783	19.693424224853516	0.07203240692615509	1.154536485671997	0.3289332687854767
0.8749361634254456	-46.69403839111328	-1.8715240955352783	18.979312896728516	0.1333727389574051	1.055659532546997	0.2785792648792267
0.7202120423316956	-47.22565460205078	-1.9469025135040283	19.391910552978516	0.1333727389574051	1.124324083328247	0.4003444015979767
1.3311738967895508	-46.54328155517578	-1.6414215564727783	19.280826568603516	0.1251329928636551	1.105098009109497	0.3591456711292267
1.1010713577270508	-46.88446807861328	-1.6414215564727783	19.578372955322266	0.1864733248949051	1.114253282546997	0.3289332687854767
0.7995577454566956	-46.46790313720703	-2.2523834705352783	19.693424224853516	0.1251329928636551	1.193904161453247	0.2987208664417267
1.2915010452270508	-46.39252471923828	-1.7167999744415283	19.729129791259766	0.1782335788011551	1.193904161453247	0.4003444015979767
0.49407678842544556	-45.67047882080078	-2.2127106189727783	19.653751373291016	0.1956285983324051	1.105098009109497	0.2685084640979767
0.9899874329566956	-46.08704376220703	-1.9469025135040283	19.618045806884766	0.1782335788011551	1.193904161453247	0.2886500656604767
0.11321741342544556	-44.91272735595703	-2.4428131580352783	19.356204986572266	0.1956285983324051	1.074885606765747	0.3490748703479767
0.8352633118629456	-44.80164337158203	-2.1770050525665283	19.356204986572266	0.2304186373949051	1.015376329421997	0.2685084640979767
0.30364710092544556	-44.23035430908203	-2.4031403064727783	19.431583404541016	0.1956285983324051	1.114253282546997	0.3490748703479767
0.8352633118629456	-44.07959747314453	-2.0976593494415283	19.578372955322266	0.2304186373949051	1.114253282546997	0.2785792648792267
0.34331995248794556	-44.19464874267578	-2.3277618885040283	19.431583404541016	0.2487291842699051	1.144465684890747	0.24836686253547668
0.30364710092544556	-43.05603790283203	-2.4428131580352783	19.391910552978516	0.3274645209312439	1.074885606765747	0.2685084640979767
0.03783899545669556	-42.67914581298828	-2.5578644275665283	19.280826568603516	0.2395739108324051	1.134394884109497	0.2685084640979767
-0.22796911001205444	-41.99677276611328	-2.8633453845977783	19.431583404541016	0.2304186373949051	1.124324083328247	0.3390040695667267
0.5337496399879456	-42.07215118408203	-2.3277618885040283	19.804508209228516	0.2304186373949051	1.134394884109497	0.21723893284797668
-0.11291784048080444	-40.86212921142578	-2.5935699939727783	18.979312896728516	0.1864733248949051	1.015376329421997	0.3390040695667267
-0.18829625844955444	-40.37018585205078	-2.8236725330352783	19.431583404541016	0.2395739108324051	1.144465684890747	0.3188624680042267
-0.15259069204330444	-40.14008331298828	-2.7482941150665283	19.280826568603516	0.2130236178636551	1.045588731765747	0.23829606175422668
-0.5691556334495544	-39.76319122314453	-2.8236725330352783	19.578372955322266	0.2395739108324051	1.183833360671997	0.2785792648792267
-0.5334500670433044	-38.62458038330078	-2.9387238025665283	19.130069732666016	0.2569689154624939	1.105098009109497	0.3490748703479767
-0.30334752798080444	-37.98188018798828	-2.5935699939727783	19.205448150634766	0.2038683444261551	1.084956407546997	0.18702653050422668
-0.41839879751205444	-37.37488555908203	-2.6729156970977783	19.130069732666016	0.2304186373949051	1.035517930984497	0.23829606175422668
-1.2158231735229492	-36.73218536376953	-3.3195831775665283	18.943607330322266	0.2304186373949051	1.105098009109497	0.20716813206672668
-0.5691556334495544	-36.46637725830078	-2.4428131580352783	19.391910552978516	0.2569689154624939	1.163691759109497	0.2584376633167267
-0.5334500670433044	-35.36743927001953	-2.4031403064727783	18.681766510009766	0.2221788913011551	1.084956407546997	0.2987208664417267
-1.0253934860229492	-34.49860382080078	-2.9387238025665283	18.832523345947266	0.2038683444261551	1.074885606765747	0.21723893284797668
-0.6088284850120544	-33.92731475830078	-2.4428131580352783	18.868228912353516	0.2752794623374939	1.045588731765747	0.3390040695667267
-0.7199124693870544	-33.32428741455078	-2.4031403064727783	18.868228912353516	0.1782335788011551	1.105098009109497	0.18702653050422668
-1.1404447555541992	-32.86804962158203	-2.7086212635040283	19.054691314697266	0.1956285983324051	1.134394884109497	0.23829606175422668
-0.6088284850120544	-31.618356704711914	-1.9865753650665283	18.681766510009766	0.2661241888999939	1.095027208328247	0.18702653050422668
-0.5334500670433044	-30.820932388305664	-1.8715240955352783	18.455631256103516	0.1956285983324051	0.9860795140266418	0.3701319992542267
-1.1007719039916992	-30.178232192993164	-2.4031403064727783	18.419925689697266	0.2130236178636551	1.025447130203247	0.2886500656604767
-0.6842069029808044	-29.952096939086914	-1.8318512439727783	18.792850494384766	0.2221788913011551	1.095027208328247	0.23829606175422668
-0.5334500670433044	-28.928537368774414	-1.6017487049102783	18.455631256103516	0.2752794623374939	1.025447130203247	0.2685084640979767
-0.8746365904808044	-27.869272232055664	-1.9469025135040283	18.193790435791016	0.1599230319261551	1.055659532546997	0.21723893284797668
-0.37872594594955444	-27.337656021118164	-1.2605621814727783	18.380252838134766	0.11597771942615509	1.114253282546997	0.20716813206672668
-0.8349637389183044	-26.694955825805664	-1.5263702869415283	18.455631256103516	0.1333727389574051	1.183833360671997	0.23829606175422668
-0.8349637389183044	-25.782480239868164	-1.4509918689727783	18.193790435791016	0.10682244598865509	1.105098009109497	0.2987208664417267
-0.5334500670433044	-25.631723403930664	-1.1058380603790283	18.118412017822266	0.1599230319261551	1.025447130203247	0.2584376633167267
-0.6445340514183044	-24.647836685180664	-0.8797028064727783	18.304874420166016	0.1425280123949051	1.074885606765747	0.23829606175422668
-0.5691556334495544	-24.155893325805664	-0.6496002674102783	18.193790435791016	0.2752794623374939	1.064814805984497	0.2785792648792267
-0.37872594594955444	-23.358469009399414	-0.5345489978790283	17.896244049072266	0.1599230319261551	1.015376329421997	0.2886500656604767
-0.37872594594955444	-22.414255142211914	-0.4591705799102783	17.967655181884766	0.1690783053636551	1.095027208328247	0.3591456711292267
-0.5334500670433044	-22.414255142211914	-0.3837921619415283	17.856571197509766	0.1251329928636551	1.055659532546997	0.22730973362922668
-0.22796911001205444	-21.731882095336914	-0.03863835334777832	17.820865631103516	0.2487291842699051	1.025447130203247	0.3701319992542267
-0.30334752798080444	-21.390695571899414	0.03674006462097168	17.967655181884766	0.1782335788011551	1.124324083328247	0.3802028000354767
-0.11291784048080444	-20.482187271118164	0.3025481700897217	17.781192779541016	0.1956285983324051	1.114253282546997	0.2987208664417267
-0.30334752798080444	-20.291757583618164	0.3025481700897217	17.630435943603516	0.2130236178636551	1.074885606765747	0.2785792648792267
0.03783899545669556	-19.609384536743164	0.5326507091522217	17.705814361572266	0.1425280123949051	1.134394884109497	0.3490748703479767
-0.15259069204330444	-19.684762954711914	0.4572722911834717	17.705814361572266	0.1516832858324051	1.134394884109497	0.2584376633167267
-0.03753942251205444	-19.232492446899414	0.6477019786834717	17.745487213134766	0.11597771942615509	1.105098009109497	0.3701319992542267
-0.11291784048080444	-18.815927505493164	0.8381316661834717	17.594730377197266	0.1516832858324051	1.084956407546997	0.2987208664417267
-0.15259069204330444	-18.815927505493164	0.8738372325897217	17.559024810791016	0.08942742645740509	1.064814805984497	0.2785792648792267
-0.18829625844955444	-18.320016860961914	0.7984588146209717	17.594730377197266	0.08027215301990509	1.105098009109497	0.4003444015979767
0.11321741342544556	-18.093881607055664	1.2189910411834717	17.483646392822266	0.07203240692615509	1.095027208328247	0.3591456711292267
0.34331995248794556	-17.601938247680664	1.4490935802459717	17.559024810791016	0.10682244598865509	1.105098009109497	0.3490748703479767
0.11321741342544556	-17.752695083618164	1.4490935802459717	17.559024810791016	0.08027215301990509	1.064814805984497	0.3289332687854767
0.11321741342544556	-17.562265396118164	1.3340423107147217	17.705814361572266	0.10682244598865509	1.114253282546997	0.4506984055042267
-0.15259069204330444	-17.641611099243164	1.1039397716522217	17.519351959228516	0.07203240692615509	1.045588731765747	0.4204860031604767
-0.07721227407455444	-17.526559829711914	1.2189910411834717	17.594730377197266	0.08942742645740509	1.055659532546997	0.4104152023792267
0.07751184701919556	-17.486886978149414	1.5244719982147217	17.670108795166016	0.08942742645740509	1.084956407546997	0.4003444015979767
0.07751184701919556	-17.300424575805664	1.4847991466522217	17.594730377197266	0.08027215301990509	1.055659532546997	0.5120387077331543
0.11321741342544556	-17.300424575805664	1.4490935802459717	17.705814361572266	0.08942742645740509	1.045588731765747	0.4809108078479767
0.11321741342544556	-17.336130142211914	1.5601775646209717	17.630435943603516	0.09858269989490509	1.045588731765747	0.5422511100769043
0.0021334290504455566	-17.451181411743164	1.3697478771209717	17.745487213134766	0.08027215301990509	1.025447130203247	0.4809108078479767
0.11321741342544556	-17.677316665649414	1.5244719982147217	17.820865631103516	0.08942742645740509	1.045588731765747	0.4809108078479767
0.22826868295669556	-17.943124771118164	1.6752288341522217	18.043033599853516	0.09858269989490509	1.084956407546997	0.5010523796081543
0.0021334290504455566	-17.677316665649414	1.5601775646209717	17.896244049072266	0.10682244598865509	1.055659532546997	0.5623927116394043
0.0021334290504455566	-17.526559829711914	1.5998504161834717	17.856571197509766	0.1251329928636551	1.055659532546997	0.5926051139831543
0.18859583139419556	-17.641611099243164	1.7506072521209717	17.896244049072266	0.1333727389574051	1.084956407546997	0.5221095085144043
0.41869837045669556	-17.562265396118164	2.2465178966522217	18.193790435791016	0.1782335788011551	1.064814805984497	0.4909816086292267
0.7995577454566956	-16.959238052368164	3.0122039318084717	18.419925689697266	0.4693712592124939	1.084956407546997	0.16688492894172668
1.1764497756958008	-16.959238052368164	3.5438201427459717	18.792850494384766	0.7339586615562439	1.095027208328247	-0.16728255152702332
1.3311738967895508	-16.693429946899414	3.6985442638397217	18.681766510009766	0.8483995795249939	1.074885606765747	-0.13707014918327332
1.5969820022583008	-16.467294692993164	4.079403877258301	18.903934478759766	0.9454454779624939	1.163691759109497	-0.15721175074577332
1.4065523147583008	-16.578378677368164	3.8135955333709717	18.868228912353516	1.0424914360046387	1.154536485671997	-0.2991184890270233
1.2161226272583008	-16.387948989868164	3.4287688732147217	18.419925689697266	1.0342516899108887	1.163691759109497	-0.2689060866832733
1.2557954788208008	-16.844186782836914	3.3930633068084717	18.531009674072266	1.0608019828796387	1.193904161453247	-0.2991184890270233
1.2161226272583008	-17.486886978149414	2.9328582286834717	18.757144927978516	0.9811510443687439	1.262568712234497	-0.2689060866832733
0.6845064759254456	-17.943124771118164	2.5162932872772217	18.531009674072266	0.9719957709312439	1.173762559890747	-0.3503880202770233
0.9899874329566956	-18.320016860961914	2.5519988536834717	17.856571197509766	0.9015001654624939	1.095027208328247	-0.2991184890270233
0.6091280579566956	-18.320016860961914	2.0203826427459717	17.931949615478516	0.9811510443687439	1.084956407546997	-0.2890476882457733
0.11321741342544556	-19.307870864868164	1.1436126232147217	17.705814361572266	0.9188951849937439	1.035517930984497	-0.2890476882457733
-0.37872594594955444	-19.684762954711914	0.7230803966522217	18.118412017822266	0.9280504584312439	1.114253282546997	-0.3091892898082733
-0.45410436391830444	-19.950571060180664	0.4175994396209717	17.368595123291016	0.8401598334312439	1.055659532546997	-0.21855208277702332
-0.41839879751205444	-20.708322525024414	0.3422210216522217	18.158084869384766	0.9015001654624939	1.095027208328247	-0.16728255152702332
-0.6842069029808044	-21.200265884399414	0.2668426036834717	17.856571197509766	0.8932604193687439	1.064814805984497	-0.20848128199577332
-0.9857205748558044	-21.426401138305664	-0.3441193103790283	18.158084869384766	0.9015001654624939	1.173762559890747	-0.24876448512077332
-1.2554960250854492	-21.731882095336914	-0.8400299549102783	17.408267974853516	0.9454454779624939	1.084956407546997	-0.3403172194957733
-1.2554960250854492	-22.073068618774414	-0.9154083728790283	17.856571197509766	0.9454454779624939	1.134394884109497	-0.21855208277702332
-1.2158231735229492	-22.715768814086914	-0.6892731189727783	18.118412017822266	1.0781970024108887	1.124324083328247	-0.24876448512077332
-1.7871122360229492	-22.374582290649414	-1.4113190174102783	17.896244049072266	1.0168566703796387	1.134394884109497	-0.3192600905895233
-1.6323881149291992	-22.414255142211914	-1.3756134510040283	17.705814361572266	1.1047472953796387	1.105098009109497	-0.4309544265270233
-1.5570096969604492	-22.791147232055664	-1.1455109119415283	18.007328033447266	1.0781970024108887	1.134394884109497	-0.3906712234020233
-1.5966825485229492	-23.207712173461914	-1.1455109119415283	17.896244049072266	1.0955920219421387	1.074885606765747	-0.4620823562145233
-1.5570096969604492	-22.755441665649414	-1.0701324939727783	17.856571197509766	1.1578478813171387	1.105098009109497	-0.4620823562145233
-1.0650663375854492	-22.525339126586914	-0.6138947010040283	17.781192779541016	1.1578478813171387	1.095027208328247	-0.4510960280895233
-0.8746365904808044	-22.449960708618164	-0.3084137439727783	17.896244049072266	1.1660876274108887	1.144465684890747	-0.3705296218395233
-0.30334752798080444	-22.414255142211914	0.2668426036834717	17.820865631103516	1.1752429008483887	1.124324083328247	-0.4108128249645233
-0.07721227407455444	-22.525339126586914	0.3779265880584717	17.856571197509766	1.1578478813171387	1.144465684890747	-0.4922947585582733
-0.18829625844955444	-22.414255142211914	0.3422210216522217	17.781192779541016	1.1486926078796387	1.144465684890747	-0.3403172194957733
-0.26764196157455444	-22.108774185180664	0.2668426036834717	17.781192779541016	1.1578478813171387	1.173762559890747	-0.3302464187145233
-0.15259069204330444	-21.882638931274414	0.15179133415222168	17.594730377197266	1.1660876274108887	1.193904161453247	-0.4108128249645233
0.07751184701919556	-22.033395767211914	0.2668426036834717	17.705814361572266	1.1752429008483887	1.282710313796997	-0.15721175074577332
-0.07721227407455444	-21.767587661743164	0.11211848258972168	17.630435943603516	1.1843981742858887	1.322077989578247	-0.08671614527702332
-0.11291784048080444	-21.426401138305664	-0.0029327869415283203	17.483646392822266	1.2109484672546387	1.302851915359497	0.014907386153936386
0.0021334290504455566	-21.501779556274414	-0.03863835334777832	17.559024810791016	1.2017931938171387	1.352290391921997	0.06526139378547668
0.15289026498794556	-21.466073989868164	0.22716975212097168	17.559024810791016	1.2988390922546387	1.352290391921997	0.12660172581672668
0.22826868295669556	-21.426401138305664	0.15179133415222168	17.443973541259766	1.2896838188171387	1.362361192703247	0.08540299534797668
0.26794153451919556	-21.581125259399414	0.18749690055847168	17.483646392822266	1.3079943656921387	1.381587266921997	0.19709733128547668
0.15289026498794556	-21.466073989868164	-0.0029327869415283203	17.483646392822266	1.2722887992858887	1.431025743484497	0.11653092503547668
0.11321741342544556	-21.466073989868164	-0.03863835334777832	17.443973541259766	1.2640490531921387	1.411799669265747	0.21723893284797668
0.07751184701919556	-21.922311782836914	-0.07831120491027832	17.670108795166016	1.2457385063171387	1.431025743484497	0.19709733128547668
0.18859583139419556	-22.108774185180664	0.03674006462097168	17.630435943603516	1.3079943656921387	1.381587266921997	0.3087916672229767
0.30364710092544556	-22.299203872680664	0.11211848258972168	17.670108795166016	1.2896838188171387	1.401728868484497	0.2584376633167267
0.41869837045669556	-22.223825454711914	0.2668426036834717	17.559024810791016	1.2722887992858887	1.411799669265747	0.23829606175422668
0.30364710092544556	-22.223825454711914	0.18749690055847168	17.519351959228516	1.2640490531921387	1.352290391921997	0.3289332687854767
0.34331995248794556	-22.830820083618164	0.15179133415222168	17.820865631103516	1.2191882133483887	1.420954942703247	0.3087916672229767
0.22826868295669556	-23.283090591430664	-0.0029327869415283203	17.896244049072266	1.2640490531921387	1.420954942703247	0.2685084640979767
0.22826868295669556	-23.247385025024414	-0.03863835334777832	17.820865631103516	1.2988390922546387	1.332148790359497	0.2785792648792267
0.26794153451919556	-23.929758071899414	0.07641291618347168	17.856571197509766	1.2896838188171387	1.441096544265747	0.3289332687854767
0.45440393686294556	-24.647836685180664	0.22716975212097168	18.304874420166016	1.2988390922546387	1.420954942703247	0.3591456711292267
0.6091280579566956	-24.306650161743164	0.3025481700897217	17.820865631103516	1.2722887992858887	1.451167345046997	0.3490748703479767
0.7598848938941956	-25.290536880493164	0.3779265880584717	18.193790435791016	1.2374987602233887	1.332148790359497	0.3087916672229767
0.18859583139419556	-25.330209732055664	-0.0029327869415283203	18.158084869384766	1.2283434867858887	1.253413438796997	0.3390040695667267
0.11321741342544556	-26.314096450805664	-0.19336247444152832	18.269168853759766	1.2109484672546387	1.381587266921997	0.3390040695667267
0.30364710092544556	-26.389474868774414	0.03674006462097168	18.495304107666016	1.1926379203796387	1.391658067703247	0.3591456711292267
0.6448336243629456	-27.262277603149414	0.18749690055847168	18.455631256103516	1.2283434867858887	1.381587266921997	0.2584376633167267
0.34331995248794556	-27.452707290649414	-0.11798405647277832	18.531009674072266	1.1486926078796387	1.332148790359497	0.2987208664417267
0.37902551889419556	-28.547677993774414	-0.07831120491027832	18.717472076416016	1.1926379203796387	1.381587266921997	0.21723893284797668
0.22826868295669556	-28.511972427368164	-0.3084137439727783	18.832523345947266	1.2640490531921387	1.332148790359497	0.3289332687854767
0.9503145813941956	-29.721994400024414	0.3422210216522217	18.868228912353516	1.1926379203796387	1.342219591140747	0.3490748703479767
0.6845064759254456	-29.801340103149414	-0.11798405647277832	19.094364166259766	1.1404528617858887	1.362361192703247	0.2987208664417267
0.41869837045669556	-30.217905044555664	-0.3084137439727783	18.868228912353516	1.1843981742858887	1.312007188796997	0.3390040695667267
0.45440393686294556	-31.503305435180664	-0.2687408924102783	19.130069732666016	1.2374987602233887	1.342219591140747	0.3701319992542267
0.6448336243629456	-31.769113540649414	-0.3837921619415283	19.391910552978516	1.2191882133483887	1.371516466140747	0.2685084640979767
0.26794153451919556	-32.41181182861328	-0.7249786853790283	19.130069732666016	1.1752429008483887	1.322077989578247	0.2685084640979767
0.5694552063941956	-33.28461456298828	-0.5742218494415283	19.653751373291016	1.2722887992858887	1.411799669265747	0.3701319992542267
0.7598848938941956	-33.77655792236328	-0.3441193103790283	19.768802642822266	1.1660876274108887	1.332148790359497	0.24836686253547668
0.6448336243629456	-33.89160919189453	-0.6496002674102783	19.431583404541016	1.2109484672546387	1.262568712234497	0.3188624680042267
0.34331995248794556	-35.40711212158203	-0.9550812244415283	19.955265045166016	1.1752429008483887	1.322077989578247	0.3591456711292267
0.49407678842544556	-35.89905548095703	-1.0701324939727783	19.955265045166016	1.1660876274108887	1.292781114578247	0.3188624680042267
0.5337496399879456	-35.97443389892578	-1.1058380603790283	19.618045806884766	1.2017931938171387	1.292781114578247	0.4003444015979767
0.34331995248794556	-36.92261505126953	-1.2605621814727783	19.768802642822266	1.0955920219421387	1.391658067703247	0.4204860031604767
0.8352633118629456	-37.64069366455078	-1.1455109119415283	20.217105865478516	1.1047472953796387	1.451167345046997	0.2886500656604767
0.7598848938941956	-37.71607208251953	-1.3359405994415283	20.217105865478516	1.1047472953796387	1.342219591140747	0.3188624680042267
0.07751184701919556	-38.17230987548828	-1.7961456775665283	19.618045806884766	1.1139025688171387	1.302851915359497	0.23829606175422668
0.49407678842544556	-39.53308868408203	-1.6810944080352783	20.328189849853516	1.2109484672546387	1.420954942703247	0.3902736008167267
0.7598848938941956	-39.83856964111328	-1.6414215564727783	20.252811431884766	1.2191882133483887	1.322077989578247	0.3701319992542267
0.11321741342544556	-39.91394805908203	-2.1770050525665283	19.915592193603516	1.1578478813171387	1.332148790359497	0.2584376633167267
0.11321741342544556	-40.78675079345703	-2.2127106189727783	20.217105865478516	1.1221423149108887	1.490535020828247	0.3289332687854767
0.6091280579566956	-41.23902130126953	-2.2127106189727783	20.590030670166016	1.1047472953796387	1.352290391921997	0.3701319992542267
-0.07721227407455444	-41.27869415283203	-2.8633453845977783	20.102054595947266	1.1404528617858887	1.371516466140747	0.3087916672229767
-0.07721227407455444	-41.92139434814453	-2.9387238025665283	20.102054595947266	1.1926379203796387	1.420954942703247	0.3591456711292267
0.45440393686294556	-42.52838897705078	-2.6332428455352783	20.478946685791016	1.0608019828796387	1.480464220046997	0.4104152023792267
0.37902551889419556	-42.48871612548828	-2.9387238025665283	20.141727447509766	1.1404528617858887	1.371516466140747	0.3087916672229767
0.07751184701919556	-43.73841094970703	-3.0894806385040283	20.292484283447266	1.1404528617858887	1.391658067703247	0.2584376633167267
0.11321741342544556	-43.24646759033203	-3.3949615955352783	20.403568267822266	1.0955920219421387	1.391658067703247	0.4204860031604767
0.22826868295669556	-43.77808380126953	-3.3949615955352783	19.955265045166016	1.1221423149108887	1.312007188796997	0.4104152023792267
0.11321741342544556	-44.34540557861328	-3.3949615955352783	20.292484283447266	1.2109484672546387	1.441096544265747	0.3188624680042267
-0.07721227407455444	-43.89313507080078	-3.7004425525665283	20.066349029541016	1.1221423149108887	1.391658067703247	0.4003444015979767
0.22826868295669556	-45.10315704345703	-3.8551666736602783	20.030643463134766	1.0955920219421387	1.441096544265747	0.2584376633167267
0.22826868295669556	-44.23035430908203	-3.6250641345977783	20.217105865478516	1.0873522758483887	1.342219591140747	0.3591456711292267
0.49407678842544556	-45.44434356689453	-3.8551666736602783	19.990970611572266	1.1139025688171387	1.451167345046997	0.3902736008167267
-0.30334752798080444	-44.49616241455078	-4.196352958679199	19.915592193603516	1.1486926078796387	1.362361192703247	0.3087916672229767
-0.07721227407455444	-45.93628692626953	-4.351077079772949	19.915592193603516	1.1752429008483887	1.451167345046997	0.4506984055042267
-0.18829625844955444	-45.44434356689453	-4.501833915710449	19.915592193603516	1.1578478813171387	1.441096544265747	0.3087916672229767
0.07751184701919556	-45.51972198486328	-4.351077079772949	19.879886627197266	1.1047472953796387	1.371516466140747	0.3390040695667267
0.30364710092544556	-46.50360870361328	-4.311404228210449	20.066349029541016	1.1752429008483887	1.490535020828247	0.3289332687854767
0.11321741342544556	-45.25391387939453	-4.462161064147949	19.578372955322266	1.1843981742858887	1.420954942703247	0.3591456711292267
-0.30334752798080444	-45.82520294189453	-4.843020439147949	19.542667388916016	1.1926379203796387	1.401728868484497	0.4708400070667267
-0.11291784048080444	-46.42823028564453	-4.843020439147949	19.840213775634766	1.2109484672546387	1.500605821609497	0.4406276047229767
-0.18829625844955444	-45.82520294189453	-4.958071708679199	19.653751373291016	1.2283434867858887	1.420954942703247	0.3188624680042267
0.11321741342544556	-45.74585723876953	-4.731936454772949	19.391910552978516	1.2457385063171387	1.371516466140747	0.3591456711292267
0.11321741342544556	-46.39252471923828	-4.767642021179199	19.693424224853516	1.2017931938171387	1.451167345046997	0.3701319992542267
0.30364710092544556	-46.50360870361328	-4.882693290710449	19.693424224853516	1.2109484672546387	1.451167345046997	0.5010523796081543
0.26794153451919556	-46.35285186767578	-4.882693290710449	19.502994537353516	1.1926379203796387	1.401728868484497	0.5321803092956543
0.22826868295669556	-45.82520294189453	-4.882693290710449	19.205448150634766	1.2191882133483887	1.391658067703247	0.3802028000354767
0.03783899545669556	-45.97595977783203	-4.997744560241699	19.094364166259766	1.2017931938171387	1.411799669265747	0.4406276047229767
-0.11291784048080444	-46.08704376220703	-5.112795829772949	19.205448150634766	1.2017931938171387	1.441096544265747	0.5422511100769043
-0.03753942251205444	-46.31714630126953	-5.188174247741699	19.316532135009766	1.2109484672546387	1.451167345046997	0.5120387077331543
0.07751184701919556	-46.05133819580078	-5.148501396179199	19.316532135009766	1.2283434867858887	1.470393419265747	0.6328883171081543
0.15289026498794556	-46.01166534423828	-5.073122978210449	19.205448150634766	1.2457385063171387	1.441096544265747	0.5221095085144043
0.18859583139419556	-45.90058135986328	-5.073122978210449	19.130069732666016	1.2283434867858887	1.470393419265747	0.5010523796081543
0.41869837045669556	-45.51972198486328	-4.922366142272949	19.018985748291016	1.2283434867858887	1.461238145828247	0.6026759147644043
0.5337496399879456	-45.48401641845703	-4.807314872741699	18.979312896728516	1.2283434867858887	1.451167345046997	0.5422511100769043
0.37902551889419556	-45.14282989501953	-4.843020439147949	18.868228912353516	1.2283434867858887	1.411799669265747	0.5120387077331543
0.26794153451919556	-45.25391387939453	-4.843020439147949	18.832523345947266	1.2191882133483887	1.420954942703247	0.6127467155456543
0.30364710092544556	-45.44434356689453	-4.843020439147949	18.832523345947266	1.2191882133483887	1.401728868484497	0.6127467155456543
0.45440393686294556	-45.25391387939453	-4.767642021179199	18.792850494384766	1.2017931938171387	1.391658067703247	0.6127467155456543
-0.11291784048080444	-45.21820831298828	-4.958071708679199	18.681766510009766	1.2109484672546387	1.411799669265747	0.5120387077331543
-0.8746365904808044	-45.29358673095703	-5.418276786804199	18.606388092041016	1.2109484672546387	1.420954942703247	-0.12699934840202332
-1.4419584274291992	-45.44434356689453	-5.799136161804199	18.229496002197266	1.2109484672546387	1.441096544265747	-0.12699934840202332
-2.164004325866699	-45.78553009033203	-6.179995536804199	18.158084869384766	1.2374987602233887	1.431025743484497	-0.2991184890270233
-2.925723075866699	-45.59510040283203	-6.600527763366699	18.007328033447266	1.2457385063171387	1.451167345046997	-0.24876448512077332
-3.417666435241699	-45.51972198486328	-6.826663017272949	17.820865631103516	1.2457385063171387	1.451167345046997	-0.3705296218395233
-3.723147392272949	-45.93628692626953	-7.096438407897949	17.820865631103516	1.2722887992858887	1.461238145828247	-0.2991184890270233
-3.647768974304199	-46.01166534423828	-7.056765556335449	17.781192779541016	1.3079943656921387	1.420954942703247	-0.2890476882457733
-3.723147392272949	-46.12671661376953	-6.981387138366699	17.820865631103516	1.2896838188171387	1.451167345046997	-0.3192600905895233
-4.405520439147949	-46.08704376220703	-7.513003349304199	17.670108795166016	1.2988390922546387	1.441096544265747	-0.19841048121452332
-4.215090751647949	-46.24176788330078	-7.437624931335449	17.594730377197266	1.3876452445983887	1.451167345046997	-0.16728255152702332
-3.838198661804199	-45.82520294189453	-7.132143974304199	17.559024810791016	1.3427844047546387	1.431025743484497	-0.15721175074577332
-4.028628349304199	-45.97595977783203	-7.437624931335449	17.368595123291016	1.3253893852233887	1.391658067703247	-0.21855208277702332
-4.028628349304199	-46.08704376220703	-7.362246513366699	17.594730377197266	1.3610949516296387	1.420954942703247	-0.2890476882457733
-3.457339286804199	-46.20209503173828	-7.096438407897949	17.408267974853516	1.2722887992858887	1.362361192703247	-0.3302464187145233
-4.254763603210449	-45.86090850830078	-7.513003349304199	17.293216705322266	1.3427844047546387	1.371516466140747	-0.20848128199577332
-3.838198661804199	-45.51972198486328	-7.322573661804199	17.182132720947266	1.3253893852233887	1.322077989578247	-0.2890476882457733
-3.040774345397949	-45.32929229736328	-6.906008720397949	17.368595123291016	1.3162341117858887	1.381587266921997	-0.3806004226207733
-2.659914970397949	-46.01166534423828	-6.485476493835449	17.559024810791016	1.3079943656921387	1.332148790359497	-0.4309544265270233
-2.429812431335449	-45.63477325439453	-6.675906181335449	17.443973541259766	1.3253893852233887	1.371516466140747	-0.3302464187145233
-3.151858329772949	-45.48401641845703	-7.171816825866699	17.106754302978516	1.3427844047546387	1.352290391921997	-0.3705296218395233
-3.040774345397949	-45.48401641845703	-6.941714286804199	17.483646392822266	1.3345446586608887	1.411799669265747	-0.3302464187145233
-2.695620536804199	-44.95240020751953	-6.906008720397949	16.809207916259766	1.3345446586608887	1.371516466140747	-0.21855208277702332
-2.088625907897949	-44.87702178955078	-6.445803642272949	17.146427154541016	1.3693346977233887	1.352290391921997	-0.3503880202770233
-1.1761503219604492	-44.80164337158203	-5.799136161804199	17.257511138916016	1.3253893852233887	1.352290391921997	-0.3091892898082733
-0.5334500670433044	-44.87702178955078	-5.493655204772949	17.519351959228516	1.2191882133483887	1.362361192703247	-0.24876448512077332
-0.18829625844955444	-44.80164337158203	-5.188174247741699	17.443973541259766	1.2191882133483887	1.352290391921997	-0.3705296218395233
-0.18829625844955444	-44.00421905517578	-5.493655204772949	17.146427154541016	1.2457385063171387	1.332148790359497	-0.2588352859020233
-0.22796911001205444	-44.46045684814453	-5.723757743835449	16.995670318603516	1.2896838188171387	1.292781114578247	-0.3705296218395233
-0.6088284850120544	-44.15497589111328	-5.949892997741699	17.368595123291016	1.3253893852233887	1.391658067703247	-0.20848128199577332
-0.26764196157455444	-43.89313507080078	-5.723757743835449	17.368595123291016	1.3345446586608887	1.420954942703247	-0.4007420241832733
0.6091280579566956	-43.55194854736328	-5.263552665710449	17.332889556884766	1.3079943656921387	1.391658067703247	-0.23869368433952332
1.4819307327270508	-43.02033233642578	-4.462161064147949	16.920291900634766	1.2548937797546387	1.411799669265747	-0.24876448512077332
1.8231172561645508	-43.62732696533203	-4.236025810241699	17.483646392822266	1.1486926078796387	1.411799669265747	-0.3705296218395233
2.319027900695801	-43.32184600830078	-3.9305450916290283	17.519351959228516	1.1660876274108887	1.362361192703247	-0.19841048121452332
2.279355049133301	-42.98065948486328	-3.9662506580352783	17.221805572509766	1.2548937797546387	1.381587266921997	-0.15721175074577332
2.394406318664551	-42.41333770751953	-3.9662506580352783	17.293216705322266	1.2109484672546387	1.391658067703247	-0.24876448512077332
2.545163154602051	-42.60376739501953	-3.8154938220977783	17.293216705322266	1.2374987602233887	1.371516466140747	-0.22862288355827332
3.041073799133301	-42.79419708251953	-3.7004425525665283	17.559024810791016	1.2374987602233887	1.391658067703247	-0.18833968043327332
3.231503486633301	-42.30225372314453	-3.4703400135040283	17.559024810791016	1.2191882133483887	1.362361192703247	-0.2789768874645233
3.497311592102051	-42.11182403564453	-3.2799103260040283	17.519351959228516	1.1926379203796387	1.451167345046997	-0.2588352859020233
3.001400947570801	-42.14752960205078	-3.8551666736602783	17.559024810791016	1.1926379203796387	1.451167345046997	-0.3091892898082733
2.660214424133301	-41.58020782470703	-4.045596122741699	17.443973541259766	1.2374987602233887	1.391658067703247	-0.3091892898082733
3.417965888977051	-41.31439971923828	-3.4703400135040283	17.408267974853516	1.2457385063171387	1.381587266921997	-0.3604588210582733
3.648068428039551	-41.73096466064453	-3.1688263416290283	17.781192779541016	1.1752429008483887	1.529902696609497	-0.23869368433952332
2.926022529602051	-41.88172149658203	-3.7401154041290283	17.670108795166016	1.2457385063171387	1.411799669265747	-0.3302464187145233
3.533017158508301	-41.54450225830078	-3.6250641345977783	17.896244049072266	1.2283434867858887	1.490535020828247	-0.4208836257457733
2.775265693664551	-41.38977813720703	-3.8551666736602783	17.443973541259766	1.2374987602233887	1.401728868484497	-0.2890476882457733
3.152157783508301	-41.23902130126953	-3.5100128650665283	17.519351959228516	1.2640490531921387	1.391658067703247	-0.23869368433952332
2.926022529602051	-41.16364288330078	-3.9305450916290283	17.483646392822266	1.2283434867858887	1.451167345046997	-0.2991184890270233
2.394406318664551	-41.08826446533203	-4.156680107116699	17.559024810791016	1.2722887992858887	1.470393419265747	-0.3302464187145233
3.041073799133301	-41.27869415283203	-3.8551666736602783	17.519351959228516	1.2548937797546387	1.480464220046997	-0.2991184890270233
2.430111885070801	-41.04859161376953	-4.081301689147949	17.630435943603516	1.2814440727233887	1.451167345046997	-0.3503880202770233
2.243649482727051	-41.08826446533203	-4.196352958679199	17.443973541259766	1.2457385063171387	1.480464220046997	-0.3503880202770233
1.5216035842895508	-40.97321319580078	-4.692263603210449	17.293216705322266	1.2988390922546387	1.470393419265747	-0.2890476882457733
1.2915010452270508	-41.27869415283203	-4.958071708679199	17.368595123291016	1.3079943656921387	1.470393419265747	-0.2789768874645233
0.8749361634254456	-41.23902130126953	-5.303225517272949	17.332889556884766	1.3162341117858887	1.490535020828247	-0.4510960280895233
0.37902551889419556	-41.01288604736328	-5.533328056335449	17.257511138916016	1.3079943656921387	1.470393419265747	-0.3906712234020233
-0.22796911001205444	-41.04859161376953	-5.874514579772949	17.221805572509766	1.3253893852233887	1.451167345046997	-0.4922947585582733
-0.37872594594955444	-41.23902130126953	-6.179995536804199	17.257511138916016	1.3345446586608887	1.480464220046997	-0.3806004226207733
-0.07721227407455444	-41.12793731689453	-5.989565849304199	17.257511138916016	1.2988390922546387	1.451167345046997	-0.3705296218395233
0.6448336243629456	-41.04859161376953	-5.533328056335449	17.408267974853516	1.2988390922546387	1.420954942703247	0.004836585372686386
1.0256929397583008	-41.01288604736328	-5.037417411804199	17.781192779541016	1.2896838188171387	1.381587266921997	0.09638932347297668
2.053219795227051	-40.63202667236328	-4.462161064147949	17.705814361572266	1.2548937797546387	1.322077989578247	0.20716813206672668
2.394406318664551	-40.89783477783203	-4.156680107116699	17.967655181884766	1.2457385063171387	1.213130235671997	0.2987208664417267
2.810971260070801	-40.82245635986328	-3.8908722400665283	18.082706451416016	1.2191882133483887	1.262568712234497	0.19709733128547668
3.041073799133301	-40.59632110595703	-3.7401154041290283	18.007328033447266	1.2109484672546387	1.223201036453247	0.2584376633167267
3.231503486633301	-40.48126983642578	-3.5496857166290283	18.158084869384766	1.1752429008483887	1.183833360671997	0.19709733128547668
3.798825263977051	-40.29084014892578	-3.0537750720977783	18.158084869384766	1.1486926078796387	1.173762559890747	0.17695572972297668
3.683773994445801	-40.29084014892578	-3.0894806385040283	18.158084869384766	1.1047472953796387	1.124324083328247	0.15681412816047668
3.267209053039551	-40.48126983642578	-3.3592560291290283	18.043033599853516	1.0342516899108887	1.124324083328247	0.21723893284797668
3.949582099914551	-40.52094268798828	-2.8633453845977783	18.304874420166016	0.9719957709312439	1.114253282546997	0.2685084640979767
3.076779365539551	-40.67169952392578	-3.4703400135040283	18.193790435791016	0.8749498724937439	1.144465684890747	0.24836686253547668
3.913876533508301	-40.89783477783203	-3.1291534900665283	18.344547271728516	0.7779039740562439	1.173762559890747	0.2785792648792267
3.608395576477051	-40.82245635986328	-3.2045319080352783	18.043033599853516	0.6808580756187439	1.124324083328247	0.3802028000354767
3.191830635070801	-41.08826446533203	-3.5100128650665283	18.269168853759766	0.5838121771812439	1.144465684890747	0.24836686253547668
3.683773994445801	-41.35407257080078	-3.1291534900665283	18.158084869384766	0.5490221381187439	1.114253282546997	0.3701319992542267
3.838498115539551	-41.01288604736328	-2.7839996814727783	17.931949615478516	0.5041612982749939	1.064814805984497	0.24836686253547668
3.382260322570801	-40.89783477783203	-3.1688263416290283	17.559024810791016	0.4959215521812439	1.124324083328247	0.19709733128547668
2.775265693664551	-41.12793731689453	-3.8154938220977783	17.745487213134766	0.4602159857749939	1.105098009109497	0.18702653050422668
2.469784736633301	-41.84601593017578	-4.045596122741699	17.820865631103516	0.4867662787437439	1.045588731765747	0.20716813206672668
2.088925361633301	-42.07215118408203	-4.156680107116699	17.967655181884766	0.4693712592124939	1.134394884109497	0.3902736008167267
1.7874116897583008	-42.22290802001953	-4.386782646179199	17.745487213134766	0.4428209662437439	1.084956407546997	0.2785792648792267
1.8231172561645508	-42.18720245361328	-4.616885185241699	17.896244049072266	0.5133165717124939	1.095027208328247	0.19709733128547668
1.4065523147583008	-41.99677276611328	-4.577212333679199	17.483646392822266	0.5490221381187439	1.025447130203247	0.19709733128547668
1.8627901077270508	-42.14752960205078	-4.196352958679199	17.443973541259766	0.4510607123374939	1.064814805984497	0.4506984055042267
2.128598213195801	-43.17108917236328	-4.081301689147949	18.043033599853516	0.4602159857749939	1.105098009109497	0.3701319992542267
1.9778413772583008	-43.17108917236328	-3.9662506580352783	17.967655181884766	0.4867662787437439	1.015376329421997	0.23829606175422668
1.2557954788208008	-42.52838897705078	-4.351077079772949	17.745487213134766	0.5133165717124939	0.9760087132453918	0.17695572972297668
0.45440393686294556	-43.32184600830078	-4.958071708679199	17.670108795166016	0.5041612982749939	0.9558671116828918	0.3701319992542267
-0.37872594594955444	-43.36151885986328	-5.684084892272949	17.594730377197266	0.4428209662437439	1.025447130203247	0.21723893284797668
-0.6088284850120544	-43.73841094970703	-6.064944267272949	17.745487213134766	0.4254259467124939	1.105098009109497	0.2987208664417267
-0.8349637389183044	-43.96851348876953	-5.874514579772949	18.082706451416016	0.3457750678062439	1.035517930984497	0.18702653050422668
-0.7199124693870544	-43.43689727783203	-5.569033622741699	17.483646392822266	0.3100695013999939	1.035517930984497	0.3591456711292267
-0.6445340514183044	-43.55194854736328	-5.378603935241699	17.368595123291016	0.3540148138999939	0.9860795140266418	0.21723893284797668
-0.7199124693870544	-44.23035430908203	-5.533328056335449	17.856571197509766	0.3274645209312439	1.074885606765747	0.16688492894172668
-1.1761503219604492	-44.80164337158203	-5.799136161804199	18.007328033447266	0.3723253607749939	1.074885606765747	0.4204860031604767
-1.4816312789916992	-44.53583526611328	-5.759463310241699	17.594730377197266	0.3897203803062439	1.015376329421997	0.24836686253547668
-1.8624906539916992	-44.53583526611328	-5.989565849304199	17.896244049072266	0.3723253607749939	1.064814805984497	0.20716813206672668
-2.394106864929199	-44.38507843017578	-6.219668388366699	17.443973541259766	0.3631700873374939	0.9366410374641418	0.055190589278936386
-3.001101493835449	-44.87702178955078	-6.711611747741699	17.967655181884766	0.3457750678062439	1.124324083328247	0.24836686253547668
-3.647768974304199	-45.10315704345703	-7.096438407897949	17.967655181884766	0.3631700873374939	1.064814805984497	0.3289332687854767
-3.572390556335449	-45.44434356689453	-7.017092704772949	18.158084869384766	0.4254259467124939	1.035517930984497	0.2987208664417267
-2.810671806335449	-45.06745147705078	-6.521182060241699	17.896244049072266	0.3192247748374939	1.005305528640747	0.3591456711292267
-3.497012138366699	-44.65088653564453	-6.711611747741699	17.856571197509766	0.3366197943687439	1.025447130203247	0.20716813206672668
-3.762820243835449	-44.72626495361328	-6.906008720397949	17.820865631103516	0.3192247748374939	1.005305528640747	0.20716813206672668
-3.683474540710449	-45.10315704345703	-6.941714286804199	18.082706451416016	0.3274645209312439	1.005305528640747	0.20716813206672668
-3.873904228210449	-45.44434356689453	-6.906008720397949	18.380252838134766	0.3723253607749939	1.064814805984497	0.23829606175422668
-3.381960868835449	-45.59510040283203	-6.826663017272949	18.269168853759766	0.3192247748374939	1.074885606765747	0.2685084640979767
-3.116152763366699	-45.32929229736328	-6.485476493835449	18.419925689697266	0.3457750678062439	1.045588731765747	0.2584376633167267
-3.608096122741699	-45.06745147705078	-6.636233329772949	18.007328033447266	0.3274645209312439	0.9961503148078918	0.2584376633167267
-3.191531181335449	-45.21820831298828	-6.560854911804199	18.229496002197266	0.3100695013999939	1.055659532546997	0.2987208664417267
-2.695620536804199	-45.40467071533203	-6.140322685241699	18.380252838134766	0.3018297553062439	1.025447130203247	0.2685084640979767
-2.164004325866699	-45.29358673095703	-5.914187431335449	18.455631256103516	0.3100695013999939	1.064814805984497	0.2987208664417267
-2.203677177429199	-45.14282989501953	-5.874514579772949	18.495304107666016	0.3366197943687439	1.035517930984497	0.2987208664417267
-1.5966825485229492	-45.06745147705078	-5.453982353210449	18.380252838134766	0.3018297553062439	1.035517930984497	0.4104152023792267
-1.2554960250854492	-44.95240020751953	-5.263552665710449	18.566715240478516	0.3018297553062439	1.005305528640747	0.3902736008167267
-0.7992581725120544	-45.40467071533203	-5.112795829772949	18.566715240478516	0.3100695013999939	1.074885606765747	0.4104152023792267
0.07751184701919556	-45.48401641845703	-4.767642021179199	18.642093658447266	0.3100695013999939	1.064814805984497	0.5422511100769043
