0.150600,-36.872286,-1.196560,15.444003,0.901635,1.114320,0.213300
0.217659,-43.276587,-1.640285,14.737096,0.311656,0.861076,0.213320
0.282077,-43.363617,-1.609172,14.773852,0.311669,0.863906,0.213371
0.343880,-43.447402,-1.579473,14.809136,0.311680,0.866613,0.213452
0.403085,-43.527755,-1.551205,14.843012,0.311695,0.869197,0.213561
0.459709,-43.604504,-1.524393,14.875540,0.311720,0.871662,0.213697
0.513758,-43.677492,-1.499087,14.906782,0.311761,0.874009,0.213860
0.565246,-43.746572,-1.475303,14.936783,0.311823,0.876240,0.214047
0.614172,-43.811586,-1.453062,14.965601,0.311913,0.878357,0.214258
0.660540,-43.872400,-1.432418,14.993276,0.312035,0.880360,0.214492
0.704356,-43.928881,-1.413376,15.019849,0.312194,0.882252,0.214747
0.745617,-43.980886,-1.395972,15.045374,0.312395,0.884035,0.215023
0.784326,-44.028299,-1.380201,15.069881,0.312642,0.885709,0.215318
0.820479,-44.070991,-1.366118,15.093409,0.312941,0.887276,0.215631
0.854080,-44.108844,-1.353712,15.115994,0.313293,0.888738,0.215962
0.885124,-44.141753,-1.343027,15.137658,0.313704,0.890095,0.216309
0.913615,-44.169605,-1.334038,15.158438,0.314174,0.891350,0.216672
0.939552,-44.192276,-1.326782,15.178361,0.314709,0.892504,0.217048
0.962939,-44.209676,-1.321253,15.197446,0.315309,0.893557,0.217439
0.983774,-44.221674,-1.317454,15.215725,0.315978,0.894511,0.217841
1.002063,-44.228192,-1.315409,15.233209,0.316717,0.895368,0.218255
1.017809,-44.229107,-1.315075,15.249918,0.317526,0.896128,0.218680
1.031020,-44.224306,-1.316469,15.265870,0.318407,0.896792,0.219114
1.041702,-44.213708,-1.319581,15.281078,0.319360,0.897363,0.219557
1.049863,-44.197184,-1.324407,15.295556,0.320387,0.897840,0.220007
1.055514,-44.174652,-1.330905,15.309310,0.321485,0.898225,0.220465
1.058668,-44.145985,-1.339070,15.322353,0.322655,0.898519,0.220928
1.059338,-44.111097,-1.348883,15.334687,0.323895,0.898723,0.221397
1.057541,-44.069859,-1.360308,15.346318,0.325205,0.898839,0.221870
1.053300,-44.022178,-1.373318,15.357252,0.326583,0.898867,0.222346
1.046636,-43.967936,-1.387874,15.367488,0.328025,0.898808,0.222825
1.037576,-43.907038,-1.403932,15.377024,0.329530,0.898664,0.223305
1.026147,-43.839381,-1.421465,15.385854,0.331095,0.898435,0.223787
1.012385,-43.764838,-1.440403,15.393986,0.332717,0.898124,0.224268
0.996326,-43.683307,-1.460698,15.401410,0.334392,0.897731,0.224749
0.978015,-43.594679,-1.482308,15.408116,0.336116,0.897257,0.225228
0.957496,-43.498872,-1.505163,15.414102,0.337886,0.896704,0.225706
0.934820,-43.395753,-1.529186,15.419358,0.339695,0.896073,0.226180
0.910047,-43.285240,-1.554326,15.423876,0.341541,0.895366,0.226651
0.883239,-43.167230,-1.580473,15.427646,0.343418,0.894584,0.227117
0.854464,-43.041615,-1.607582,15.430659,0.345320,0.893728,0.227578
0.823794,-42.908305,-1.635538,15.432904,0.347242,0.892802,0.228033
0.791316,-42.767221,-1.664272,15.434368,0.349179,0.891806,0.228482
0.757114,-42.618281,-1.693676,15.435038,0.351125,0.890743,0.228923
0.721282,-42.461401,-1.723646,15.434909,0.353073,0.889614,0.229357
0.683916,-42.296500,-1.754067,15.433966,0.355018,0.888423,0.229782
0.645128,-42.123531,-1.784856,15.432195,0.356954,0.887171,0.230199
0.605029,-41.942411,-1.815873,15.429591,0.358874,0.885861,0.230605
0.563736,-41.753115,-1.847020,15.426136,0.360773,0.884495,0.231002
0.521376,-41.555584,-1.878149,15.421825,0.362643,0.883078,0.231388
0.478077,-41.349789,-1.909140,15.416650,0.364479,0.881611,0.231762
0.433978,-41.135712,-1.939867,15.410601,0.366275,0.880098,0.232125
0.389217,-40.913332,-1.970192,15.403668,0.368025,0.878543,0.232475
0.343940,-40.682666,-1.999987,15.395847,0.369723,0.876948,0.232813
0.298297,-40.443712,-2.029105,15.387132,0.371363,0.875318,0.233138
0.252438,-40.196509,-2.057394,15.377521,0.372940,0.873657,0.233449
0.206519,-39.941086,-2.084719,15.367010,0.374448,0.871969,0.233746
0.160696,-39.677490,-2.110944,15.355599,0.375883,0.870257,0.234028
0.115126,-39.405807,-2.135916,15.343287,0.377240,0.868526,0.234296
0.069967,-39.126104,-2.159488,15.330077,0.378515,0.866781,0.234549
0.025376,-38.838488,-2.181519,15.315975,0.379703,0.865026,0.234787
-0.018491,-38.543047,-2.201874,15.300983,0.380802,0.863265,0.235009
-0.061483,-38.239961,-2.220410,15.285113,0.381808,0.861504,0.235215
-0.103448,-37.929328,-2.236976,15.268374,0.382717,0.859747,0.235406
-0.144243,-37.611343,-2.251466,15.250775,0.383528,0.857999,0.235580
-0.183727,-37.286163,-2.263719,15.232332,0.384240,0.856264,0.235737
-0.221765,-36.954011,-2.273645,15.213060,0.384850,0.854548,0.235878
-0.258234,-36.615070,-2.281097,15.192975,0.385357,0.852855,0.236002
-0.293012,-36.269597,-2.285980,15.172098,0.385761,0.851190,0.236109
-0.325990,-35.917826,-2.288180,15.150451,0.386063,0.849557,0.236199
-0.357065,-35.560018,-2.287611,15.128056,0.386262,0.847962,0.236272
-0.386149,-35.196461,-2.284171,15.104938,0.386360,0.846408,0.236328
-0.413159,-34.827449,-2.277794,15.081126,0.386357,0.844900,0.236367
-0.438027,-34.453267,-2.268398,15.056645,0.386256,0.843443,0.236389
-0.460697,-34.074292,-2.255939,15.031528,0.386060,0.842038,0.236394
-0.481121,-33.690842,-2.240357,15.005806,0.385770,0.840692,0.236382
-0.499265,-33.303264,-2.221615,14.979514,0.385390,0.839407,0.236352
-0.515109,-32.911921,-2.199691,14.952684,0.384924,0.838186,0.236306
-0.528641,-32.517168,-2.174559,14.925354,0.384375,0.837033,0.236242
-0.539867,-32.119445,-2.146230,14.897562,0.383747,0.835949,0.236162
-0.548799,-31.719122,-2.114704,14.869346,0.383045,0.834938,0.236065
-0.555466,-31.316609,-2.080011,14.840745,0.382274,0.834002,0.235952
-0.559900,-30.912325,-2.042172,14.811803,0.381438,0.833142,0.235822
-0.562158,-30.506695,-2.001247,14.782557,0.380542,0.832360,0.235677
-0.562290,-30.100125,-1.957282,14.753052,0.379593,0.831657,0.235515
-0.560370,-29.693084,-1.910359,14.723331,0.378595,0.831034,0.235337
-0.556477,-29.285969,-1.860544,14.693433,0.377554,0.830491,0.235143
-0.550692,-28.879251,-1.807946,14.663409,0.376475,0.830028,0.234935
-0.543109,-28.473338,-1.752652,14.633297,0.375364,0.829646,0.234711
-0.533831,-28.068710,-1.694793,14.603144,0.374227,0.829344,0.234472
-0.522958,-27.665746,-1.634477,14.572993,0.373069,0.829120,0.234219
-0.510606,-27.264944,-1.571848,14.542888,0.371895,0.828974,0.233951
-0.496888,-26.866710,-1.507047,14.512877,0.370711,0.828905,0.233670
-0.481919,-26.471473,-1.440223,14.482999,0.369521,0.828910,0.233375
-0.465820,-26.079644,-1.371532,14.453298,0.368332,0.828988,0.233067
-0.448711,-25.691664,-1.301140,14.423823,0.367148,0.829137,0.232746
-0.430712,-25.307926,-1.229216,14.394610,0.365973,0.829353,0.232412
-0.411944,-24.928829,-1.155939,14.365705,0.364812,0.829635,0.232066
-0.392529,-24.554780,-1.081489,14.337153,0.363670,0.829980,0.231709
-0.372579,-24.186139,-1.006043,14.308988,0.362550,0.830384,0.231341
-0.352210,-23.823289,-0.929790,14.281252,0.361455,0.830845,0.230961
-0.331535,-23.466595,-0.852921,14.253989,0.360391,0.831360,0.230572
-0.310659,-23.116403,-0.775622,14.227239,0.359359,0.831924,0.230173
-0.289683,-22.773051,-0.698084,14.201039,0.358363,0.832535,0.229764
-0.268705,-22.436824,-0.620485,14.175417,0.357405,0.833189,0.229347
-0.247817,-22.108083,-0.543024,14.150421,0.356489,0.833883,0.228921
-0.227108,-21.787077,-0.465874,14.126080,0.355615,0.834613,0.228488
-0.206654,-21.474113,-0.389223,14.102432,0.354787,0.835376,0.228048
-0.186532,-21.169455,-0.313245,14.079514,0.354005,0.836168,0.227601
-0.166809,-20.873323,-0.238107,14.057353,0.353272,0.836987,0.227149
-0.147547,-20.585963,-0.163979,14.035980,0.352589,0.837828,0.226691
-0.128800,-20.307608,-0.091022,14.015430,0.351956,0.838689,0.226229
-0.110620,-20.038470,-0.019395,13.995731,0.351375,0.839567,0.225763
-0.093047,-19.778709,0.050766,13.976916,0.350846,0.840459,0.225294
-0.076120,-19.528493,0.119319,13.959007,0.350370,0.841361,0.224822
-0.059868,-19.288007,0.186129,13.942036,0.349948,0.842273,0.224348
-0.044315,-19.057345,0.251087,13.926028,0.349579,0.843190,0.223873
-0.029484,-18.836658,0.314070,13.911004,0.349264,0.844112,0.223398
-0.015386,-18.626051,0.374979,13.896991,0.349003,0.845036,0.222924
-0.002032,-18.425643,0.433717,13.884022,0.348795,0.845961,0.222450
0.010575,-18.235444,0.490214,13.872104,0.348642,0.846885,0.221979
0.022436,-18.055529,0.544399,13.861267,0.348541,0.847807,0.221510
0.033554,-17.885960,0.596203,13.851528,0.348495,0.848726,0.221045
0.043937,-17.726755,0.645582,13.842912,0.348501,0.849641,0.220585
0.053600,-17.577939,0.692493,13.835436,0.348560,0.850552,0.220129
0.062558,-17.439459,0.736924,13.829116,0.348672,0.851459,0.219680
0.070830,-17.311339,0.778845,13.823972,0.348836,0.852362,0.219238
0.078439,-17.193472,0.818273,13.820013,0.349052,0.853261,0.218804
0.085410,-17.085870,0.855195,13.817262,0.349320,0.854157,0.218378
0.091771,-16.988397,0.889651,13.815727,0.349639,0.855051,0.217963
0.097551,-16.901015,0.921653,13.815424,0.350009,0.855943,0.217558
0.102783,-16.823578,0.951259,13.816362,0.350430,0.856837,0.217165
0.107504,-16.755935,0.978525,13.818547,0.350901,0.857732,0.216784
0.111748,-16.698013,1.003499,13.822001,0.351423,0.858631,0.216417
0.115554,-16.649565,1.026277,13.826712,0.351995,0.859535,0.216065
0.118961,-16.610471,1.046927,13.832701,0.352616,0.860448,0.215728
0.122011,-16.580479,1.065560,13.839964,0.353288,0.861372,0.215408
0.124747,-16.559365,1.082279,13.848497,0.354008,0.862308,0.215106
0.127210,-16.546919,1.097190,13.858307,0.354778,0.863261,0.214823
0.129443,-16.542883,1.110414,13.869392,0.355596,0.864232,0.214559
0.131491,-16.546930,1.122094,13.881736,0.356463,0.865225,0.214317
0.133397,-16.558817,1.132352,13.895350,0.357378,0.866243,0.214096
0.135202,-16.578145,1.141345,13.910197,0.358340,0.867288,0.213899
0.136952,-16.604586,1.149218,13.926265,0.359350,0.868364,0.213726
0.138684,-16.637799,1.156123,13.943551,0.360406,0.869473,0.213579
0.140436,-16.677338,1.162226,13.962019,0.361508,0.870618,0.213458
0.142245,-16.722825,1.167677,13.981643,0.362655,0.871802,0.213366
0.144141,-16.773807,1.172643,14.002391,0.363847,0.873028,0.213302
0.146152,-16.829795,1.177292,14.024217,0.365082,0.874297,0.213269
0.148300,-16.890285,1.181787,14.047081,0.366359,0.875611,0.213268
0.150600,-10.640571,1.662491,14.816131,0.957677,1.133173,-0.213300
0.150600,-10.640571,1.662491,14.816131,0.957677,1.133173,0.213300
0.085095,-10.478690,1.957343,14.859223,0.964874,0.885157,-0.215266
0.290987,-10.337180,2.214599,14.897478,0.971542,0.892256,-0.217173
0.468280,-10.217927,2.434596,14.930475,0.977667,0.898290,-0.219008
0.618148,-10.122591,2.617707,14.957769,0.983240,0.903265,-0.220760
0.741744,-10.052346,2.764466,14.978936,0.988256,0.907190,-0.222421
0.840224,-10.008041,2.875567,14.993626,0.992712,0.910075,-0.223980
0.914746,-9.990301,2.951876,15.001637,0.996607,0.911942,-0.225430
0.966477,-9.999359,2.994471,15.002891,0.999945,0.912826,-0.226763
0.996597,-10.035096,3.004669,14.997467,1.002729,0.912776,-0.227972
1.006304,-10.097168,2.983982,14.985629,1.004965,0.911856,-0.229051
0.996822,-10.184980,2.934128,14.967785,1.006660,0.910148,-0.229992
0.969408,-10.297603,2.857049,14.944483,1.007822,0.907744,-0.230792
0.925363,-10.433892,2.754879,14.916393,1.008463,0.904751,-0.231445
0.866035,-10.592379,2.629945,14.884260,1.008592,0.901282,-0.231948
0.792837,-10.771479,2.484720,14.848911,1.008222,0.897457,-0.232297
0.707237,-10.969221,2.321845,14.811151,1.007364,0.893395,-0.232492
0.610777,-11.183586,2.144050,14.771819,1.006033,0.889217,-0.232531
0.505057,-11.412260,1.954164,14.731683,1.004240,0.885035,-0.232415
0.391737,-11.652840,1.755059,14.691454,1.002002,0.880953,-0.232147
0.272517,-11.902800,1.549610,14.651759,0.999333,0.877065,-0.231730
0.149121,-12.159447,1.340662,14.613087,0.996251,0.873450,-0.231169
0.023284,-12.420138,1.130980,14.575848,0.992774,0.870170,-0.230469
-0.103281,-12.682242,0.923196,14.540320,0.988925,0.867273,-0.229640
-0.228904,-12.943161,0.719783,14.506667,0.984729,0.864788,-0.228690
-0.351991,-13.200404,0.523004,14.474940,0.980216,0.862730,-0.227629
-0.471033,-13.451629,0.334909,14.445130,0.975421,0.861097,-0.226469
-0.584645,-13.694688,0.157271,14.417134,0.970383,0.859874,-0.225222
-0.691572,-13.927669,-0.008402,14.390813,0.965151,0.859038,-0.223903
-0.790704,-14.148936,-0.160881,14.366008,0.959777,0.858554,-0.222526
-0.881083,-14.357119,-0.299198,14.342568,0.954321,0.858384,-0.221107
-0.961894,-14.551020,-0.422639,14.320325,0.948850,0.858486,-0.219661
-1.032465,-14.729785,-0.530720,14.299171,0.943438,0.858817,-0.218208
-1.092241,-14.892806,-0.623139,14.279034,0.938163,0.859338,-0.216764
-1.140770,-15.039605,-0.699741,14.259878,0.933110,0.860012,-0.215349
-1.177665,-15.169992,-0.760467,14.241746,0.928369,0.860806,-0.213982
-1.202576,-15.283741,-0.805296,14.224684,0.924029,0.861696,-0.212685
-1.215153,-15.380889,-0.834195,14.208821,0.920184,0.862661,-0.211479
-1.215008,-15.461369,-0.847066,14.194291,0.916929,0.863690,-0.210387
-1.201681,-15.525228,-0.843693,14.181263,0.914356,0.864778,-0.209432
-1.174605,-15.572394,-0.823706,14.169909,0.912556,0.865926,-0.208639
-1.133083,-15.602844,-0.786538,14.160400,0.911618,0.867142,-0.208032
-1.076272,-15.616433,-0.731416,14.152912,0.911627,0.868438,-0.207640
-1.003168,-15.612911,-0.657342,14.147572,0.912664,0.869834,-0.207488
-0.912615,-15.591988,-0.563109,14.144500,0.914808,0.871354,-0.207605
-0.803326,-15.553453,-0.447325,14.143809,0.918134,0.873025,-0.208022
-0.673909,-15.496999,-0.308460,14.145553,0.922714,0.874876,-0.208768
-0.522922,-15.422362,-0.144919,14.149762,0.928623,0.876940,-0.209874
-0.348932,-15.329567,0.044877,14.156441,0.935936,0.879244,-0.211374
0.150600,-15.218747,-0.213826,13.420322,0.354734,0.881813,0.213300
0.150600,-15.218747,0.262374,14.165522,0.944734,1.138013,0.213300
0.157443,-15.132702,-0.207409,14.130518,0.943813,1.136060,0.213370
0.164041,-15.049986,-0.201266,14.097042,0.942953,1.134196,0.213453
0.170402,-14.971188,-0.195387,14.065196,0.942155,1.132418,0.213551
0.176539,-14.896748,-0.189760,14.035053,0.941420,1.130724,0.213661
0.182467,-14.827201,-0.184375,14.006692,0.940748,1.129113,0.213784
0.188204,-14.762926,-0.179212,13.980176,0.940138,1.127582,0.213919
0.193767,-14.704383,-0.174253,13.955565,0.939590,1.126128,0.214065
0.199180,-14.652021,-0.169480,13.932938,0.939105,1.124749,0.214222
0.204462,-14.606159,-0.164873,13.912330,0.938680,1.123443,0.214389
0.209636,-14.567157,-0.160412,13.893787,0.938317,1.122206,0.214565
0.214725,-14.535424,-0.156077,13.877376,0.938013,1.121036,0.214751
0.219753,-14.511232,-0.151850,13.863116,0.937768,1.119930,0.214945
0.224741,-14.494878,-0.147713,13.851048,0.937580,1.118886,0.215147
0.229713,-14.486678,-0.143651,13.841207,0.937449,1.117900,0.215357
0.234689,-14.486811,-0.139651,13.833604,0.937373,1.116971,0.215574
0.239689,-14.495548,-0.135701,13.828262,0.937349,1.116096,0.215798
0.244733,-14.513144,-0.131797,13.825212,0.937377,1.115272,0.216027
0.249841,-14.539723,-0.127927,13.824447,0.937453,1.114498,0.216263
0.255029,-14.575492,-0.124095,13.825981,0.937577,1.113770,0.216503
0.260312,-14.620565,-0.120300,13.829801,0.937746,1.113087,0.216748
0.265704,-14.675119,-0.116551,13.835922,0.937957,1.112448,0.216997
0.271216,-14.739266,-0.112858,13.844331,0.938208,1.111849,0.217250
0.276860,-14.813047,-0.109231,13.855005,0.938496,1.111289,0.217506
0.282643,-14.896552,-0.105692,13.867932,0.938818,1.110767,0.217765
0.288573,-14.989851,-0.102260,13.883094,0.939171,1.110281,0.218026
0.294652,-15.092984,-0.098966,13.900466,0.939553,1.109830,0.218289
0.300884,-15.205900,-0.095836,13.920000,0.939959,1.109413,0.218553
0.307267,-15.328642,-0.092908,13.941676,0.940386,1.109029,0.218818
0.313800,-15.461187,-0.090221,13.965449,0.940832,1.108676,0.219083
0.320478,-15.603461,-0.087817,13.991274,0.941291,1.108355,0.219349
0.327295,-15.755441,-0.085744,14.019112,0.941762,1.108065,0.219614
0.334240,-15.916993,-0.084051,14.048892,0.942240,1.107804,0.219877
0.341301,-16.088051,-0.082793,14.080565,0.942720,1.107574,0.220140
0.348465,-16.268524,-0.082029,14.114079,0.943200,1.107373,0.220400
0.355716,-16.458224,-0.081816,14.149353,0.943676,1.107201,0.220659
0.363036,-16.657047,-0.082220,14.186333,0.944143,1.107059,0.220914
0.370402,-16.864765,-0.083303,14.224929,0.944599,1.106947,0.221167
0.377790,-17.081268,-0.085137,14.265082,0.945038,1.106865,0.221415
0.385178,-17.306359,-0.087789,14.306715,0.945458,1.106813,0.221660
0.392535,-17.539769,-0.091330,14.349731,0.945854,1.106791,0.221900
0.399833,-17.781293,-0.095831,14.394046,0.946224,1.106801,0.222136
0.407040,-18.030704,-0.101364,14.439581,0.946563,1.106843,0.222366
0.414120,-18.287740,-0.108007,14.486235,0.946869,1.106917,0.222591
0.421043,-18.552137,-0.115825,14.533922,0.947138,1.107023,0.222809
0.427769,-18.823575,-0.124896,14.582541,0.947366,1.107164,0.223022
0.434260,-19.101826,-0.135288,14.631997,0.947553,1.107339,0.223227
0.440481,-19.386567,-0.147072,14.682187,0.947693,1.107549,0.223426
0.446389,-19.677450,-0.160313,14.733012,0.947786,1.107794,0.223618
0.451944,-19.974174,-0.175082,14.784367,0.947829,1.108077,0.223802
0.457107,-20.276410,-0.191436,14.836149,0.947820,1.108396,0.223978
0.461834,-20.583795,-0.209439,14.888248,0.947757,1.108753,0.224146
0.466090,-20.896031,-0.229151,14.940571,0.947640,1.109148,0.224306
0.469830,-21.212691,-0.250616,14.992998,0.947465,1.109582,0.224457
0.473019,-21.533449,-0.273885,15.045435,0.947233,1.110055,0.224599
0.475616,-21.857929,-0.299006,15.097765,0.946944,1.110568,0.224733
0.477585,-22.185744,-0.326016,15.149888,0.946595,1.111121,0.224857
0.478892,-22.516567,-0.354954,15.201707,0.946189,1.111714,0.224972
0.479503,-22.849977,-0.385840,15.253111,0.945724,1.112347,0.225078
0.479391,-23.185580,-0.418704,15.303996,0.945201,1.113020,0.225175
0.478523,-23.523007,-0.453556,15.354269,0.944621,1.113733,0.225261
0.476878,-23.861898,-0.490420,15.403833,0.943984,1.114486,0.225338
0.474431,-24.201853,-0.529290,15.452590,0.943293,1.115277,0.225406
0.471167,-24.542471,-0.570161,15.500444,0.942548,1.116107,0.225463
0.467070,-24.883419,-0.613039,15.547313,0.941751,1.116975,0.225511
0.462127,-25.224280,-0.657896,15.593106,0.940904,1.117879,0.225550
0.456333,-25.564704,-0.704722,15.637740,0.940008,1.118819,0.225578
0.449686,-25.904318,-0.753484,15.681136,0.939067,1.119793,0.225597
0.442183,-26.242759,-0.804147,15.723219,0.938083,1.120801,0.225606
0.433834,-26.579700,-0.856672,15.763922,0.937057,1.121840,0.225606
0.424645,-26.914767,-0.911012,15.803174,0.935993,1.122908,0.225596
0.414634,-27.247626,-0.967117,15.840914,0.934894,1.124005,0.225576
0.403817,-27.577970,-1.024926,15.877084,0.933762,1.125128,0.225548
0.392216,-27.905469,-1.084366,15.911636,0.932600,1.126274,0.225510
0.379859,-28.229835,-1.145383,15.944520,0.931411,1.127442,0.225463
0.366777,-28.550723,-1.207889,15.975691,0.930198,1.128629,0.225408
0.353002,-28.867906,-1.271810,16.005118,0.928963,1.129833,0.225343
0.338573,-29.181063,-1.337048,16.032766,0.927711,1.131052,0.225271
0.323533,-29.489955,-1.403530,16.058609,0.926443,1.132281,0.225189
0.307926,-29.794320,-1.471154,16.082629,0.925162,1.133520,0.225100
0.291795,-30.093946,-1.539818,16.104808,0.923872,1.134764,0.225002
0.275198,-30.388608,-1.609426,16.125139,0.922574,1.136011,0.224897
0.258177,-30.678079,-1.679875,16.143616,0.921271,1.137259,0.224784
0.240795,-30.962186,-1.751056,16.160241,0.919966,1.138504,0.224663
0.223099,-31.240742,-1.822866,16.175020,0.918661,1.139743,0.224535
0.205152,-31.513580,-1.895179,16.187963,0.917358,1.140973,0.224401
0.187008,-31.780558,-1.967905,16.199088,0.916059,1.142192,0.224259
0.168725,-32.041518,-2.040908,16.208417,0.914766,1.143396,0.224111
0.150362,-32.296357,-2.114097,16.215974,0.913479,1.144583,0.223956
0.131974,-32.544953,-2.187356,16.221788,0.912202,1.145749,0.223795
0.113622,-32.787204,-2.260546,16.225898,0.910935,1.146892,0.223628
0.095361,-33.023036,-2.333586,16.228338,0.909680,1.148010,0.223456
0.077243,-33.252391,-2.406344,16.229153,0.908437,1.149099,0.223277
0.059325,-33.475201,-2.478725,16.228389,0.907207,1.150158,0.223094
0.041659,-33.691396,-2.550602,16.226095,0.905990,1.151183,0.222905
0.024292,-33.900972,-2.621880,16.222324,0.904788,1.152172,0.222712
0.007277,-34.103893,-2.692449,16.217128,0.903600,1.153123,0.222513
-0.009346,-34.300151,-2.762214,16.210566,0.902426,1.154034,0.222311
-0.025530,-34.489758,-2.831083,16.202696,0.901267,1.154903,0.222104
-0.041235,-34.672690,-2.898935,16.193584,0.900123,1.155729,0.221893
-0.056421,-34.848986,-2.965685,16.183288,0.898992,1.156508,0.221678
-0.071057,-35.018655,-3.031261,16.171871,0.897875,1.157240,0.221459
-0.085105,-35.181741,-3.095552,16.159401,0.896771,1.157923,0.221238
-0.098539,-35.338293,-3.158495,16.145940,0.895679,1.158555,0.221013
-0.111329,-35.488337,-3.219997,16.131555,0.894599,1.159136,0.220785
-0.123453,-35.631912,-3.279994,16.116311,0.893529,1.159663,0.220555
-0.134885,-35.769116,-3.338396,16.100272,0.892469,1.160137,0.220322
-0.145610,-35.899989,-3.395158,16.083503,0.891417,1.160555,0.220087
-0.155604,-36.024589,-3.450187,16.066064,0.890372,1.160917,0.219851
-0.164855,-36.142987,-3.503461,16.048020,0.889335,1.161223,0.219612
-0.173354,-36.255254,-3.554901,16.029424,0.888301,1.161470,0.219373
-0.181081,-36.361477,-3.604460,16.010337,0.887272,1.161659,0.219132
-0.188034,-36.461708,-3.652085,15.990820,0.886245,1.161790,0.218891
-0.194201,-36.556018,-3.697736,15.970923,0.885219,1.161860,0.218649
-0.199576,-36.644504,-3.741390,15.950688,0.884192,1.161870,0.218407
-0.204152,-36.727228,-3.782981,15.930173,0.883164,1.161820,0.218165
-0.207929,-36.804271,-3.822503,15.909413,0.882132,1.161708,0.217924
-0.210898,-36.875687,-3.859922,15.888454,0.881096,1.161534,0.217683
-0.213058,-36.941555,-3.895205,15.867333,0.880054,1.161298,0.217444
-0.214404,-37.001952,-3.928351,15.846076,0.879004,1.160998,0.217207
-0.214934,-37.056933,-3.959322,15.824723,0.877945,1.160636,0.216971
-0.214649,-37.106574,-3.988122,15.803292,0.876876,1.160210,0.216738
-0.213542,-37.150920,-4.014734,15.781806,0.875796,1.159719,0.216508
-0.211612,-37.190032,-4.039164,15.760281,0.874703,1.159163,0.216281
-0.208856,-37.223982,-4.061393,15.738725,0.873595,1.158541,0.216057
-0.205268,-37.252800,-4.081436,15.717151,0.872471,1.157853,0.215838
-0.200846,-37.276541,-4.099291,15.695564,0.871331,1.157098,0.215623
-0.195586,-37.295250,-4.114987,15.673954,0.870172,1.156275,0.215414
-0.189482,-37.308981,-4.128511,15.652319,0.868993,1.155383,0.215210
-0.182525,-37.317756,-4.139886,15.630649,0.867794,1.154422,0.215013
-0.174711,-37.321611,-4.149146,15.608927,0.866573,1.153390,0.214822
-0.166031,-37.320593,-4.156302,15.587130,0.865328,1.152287,0.214638
-0.156479,-37.314722,-4.161400,15.565232,0.864060,1.151111,0.214463
-0.146045,-37.304045,-4.164438,15.543204,0.862764,1.149861,0.214295
-0.134717,-37.288569,-4.165478,15.521019,0.861443,1.148536,0.214137
-0.122486,-37.268326,-4.164552,15.498630,0.860093,1.147136,0.213988
-0.109341,-37.243355,-4.161707,15.475987,0.858713,1.145658,0.213850
-0.095270,-37.213661,-4.156982,15.453052,0.857303,1.144101,0.213723
-0.080261,-37.179287,-4.150426,15.429771,0.855860,1.142464,0.213607
-0.064302,-37.140249,-4.142107,15.406081,0.854385,1.140747,0.213504
-0.047382,-37.096572,-4.132071,15.381931,0.852874,1.138946,0.213413
-0.029480,-37.048297,-4.120374,15.357244,0.851327,1.137061,0.213337
-0.010589,-36.995460,-4.107106,15.331953,0.849742,1.135091,0.213274
0.009307,-36.938081,-4.092314,15.305992,0.848117,1.133034,0.213227
0.030222,-36.876204,-4.076080,15.279276,0.846451,1.130888,0.213195
0.052171,-36.809886,-4.058494,15.251722,0.844742,1.128651,0.213180
0.075169,-36.739149,-4.039630,15.223251,0.842987,1.126324,0.213183
0.099229,-36.664070,-4.019589,15.193769,0.841185,1.123903,0.213203
0.124368,-36.584693,-3.998430,15.163192,0.839333,1.121388,0.213242
0.150600,-36.501094,-3.976292,15.131408,0.837427,1.118776,-0.213300
0.150600,-36.501094,-3.500092,15.131408,0.837427,1.118776,0.213300
-0.489987,-42.843795,-4.169098,14.357428,0.844124,1.119867,-0.214484
-0.808827,-42.870813,-4.350211,14.330205,0.850413,1.120895,-0.215964
-1.107500,-42.896183,-4.519954,14.304445,0.856301,1.121860,-0.217719
-1.386371,-42.919739,-4.678614,14.280072,0.861794,1.122763,-0.219727
-1.645797,-42.941376,-4.826526,14.256961,0.866897,1.123601,-0.221969
-1.886128,-42.960953,-4.963970,14.235011,0.871617,1.124371,-0.224425
-2.107702,-42.978400,-5.091240,14.214103,0.875957,1.125072,-0.227075
-2.310866,-42.993618,-5.208627,14.194125,0.879924,1.125702,-0.229902
-2.495961,-43.006552,-5.316399,14.174964,0.883522,1.126256,-0.232886
-2.663334,-43.017140,-5.414834,14.156510,0.886756,1.126735,-0.236009
-2.813341,-43.025336,-5.504210,14.138658,0.889632,1.127135,-0.239255
-2.946336,-43.031075,-5.584775,14.121313,0.892153,1.127453,-0.242605
-3.062688,-43.034339,-5.656797,14.104381,0.894327,1.127690,-0.246045
-3.162773,-43.035080,-5.720520,14.087787,0.896158,1.127844,-0.249557
-3.246979,-43.033270,-5.776217,14.071445,0.897653,1.127914,-0.253127
-3.315697,-43.028876,-5.824115,14.055305,0.898819,1.127900,-0.256739
-3.369342,-43.021875,-5.864455,14.039313,0.899662,1.127803,-0.260378
-3.408327,-43.012249,-5.897487,14.023422,0.900189,1.127623,-0.264032
-3.433080,-42.999944,-5.923449,14.007599,0.900409,1.127361,-0.267685
-3.444051,-42.984976,-5.942568,13.991825,0.900328,1.127021,-0.271325
-3.441684,-42.967292,-5.955066,13.976087,0.899955,1.126603,-0.274940
-3.426442,-42.946869,-5.961184,13.960380,0.899299,1.126111,-0.278517
-3.398804,-42.923696,-5.961132,13.944724,0.898369,1.125549,-0.282044
-3.359252,-42.897737,-5.955159,13.929120,0.897174,1.124921,-0.285511
-3.308277,-42.868990,-5.943454,13.913596,0.895724,1.124231,-0.288907
-3.246383,-42.837409,-5.926270,13.898196,0.894030,1.123484,-0.292221
-3.174082,-42.802993,-5.903808,13.882944,0.892100,1.122685,-0.295444
-3.091889,-42.765709,-5.876293,13.867906,0.889948,1.121841,-0.298567
-3.000334,-42.725554,-5.843946,13.853121,0.887582,1.120956,-0.301581
-2.899943,-42.682493,-5.806987,13.838653,0.885015,1.120037,-0.304477
-2.791258,-42.636535,-5.765623,13.824569,0.882258,1.119092,-0.307248
-2.674816,-42.587658,-5.720078,13.810939,0.879323,1.118125,-0.309887
-2.551163,-42.535866,-5.670571,13.797819,0.876221,1.117145,-0.312387
-2.420841,-42.481144,-5.617348,13.785280,0.872965,1.116157,-0.314741
-2.284400,-42.423506,-5.560592,13.773412,0.869567,1.115169,-0.316943
-2.142388,-42.362950,-5.500547,13.762282,0.866038,1.114187,-0.318988
-1.995351,-42.299511,-5.437438,13.751954,0.862392,1.113218,-0.320871
-1.843832,-42.233197,-5.371482,13.742507,0.858641,1.112269,-0.322587
-1.688371,-42.164035,-5.302918,13.734005,0.854797,1.111345,-0.324132
-1.529506,-42.092065,-5.231979,13.726510,0.850872,1.110454,-0.325502
-1.367769,-42.017338,-5.158872,13.720101,0.846879,1.109601,-0.326694
-1.203679,-41.939913,-5.083840,13.714808,0.842829,1.108791,-0.327706
-1.037761,-41.859848,-5.007110,13.710709,0.838734,1.108031,-0.328534
-0.870516,-41.777214,-4.928930,13.707837,0.834609,1.107324,-0.329177
-0.702444,-41.692104,-4.849519,13.706225,0.830463,1.106676,-0.329633
-0.534035,-41.604622,-4.769124,13.705914,0.826308,1.106091,-0.329900
-0.365765,-41.514864,-4.687957,13.706922,0.822157,1.105572,-0.329979
-0.198096,-41.422961,-4.606285,13.709270,0.818021,1.105123,-0.329869
-0.031481,-41.329051,-4.524312,13.712957,0.813910,1.104747,-0.329569
0.133641,-41.233275,-4.442289,13.717985,0.809836,1.104446,-0.329081
0.296849,-41.135790,-4.360441,13.724336,0.805810,1.104221,-0.328406
0.457731,-41.036760,-4.279018,13.731997,0.801843,1.104075,-0.327544
0.615891,-40.936374,-4.198221,13.740924,0.797945,1.104006,-0.326498
0.770954,-40.834833,-4.118309,13.751085,0.794126,1.104016,-0.325270
0.922549,-40.732328,-4.039491,13.762421,0.790396,1.104103,-0.323863
1.070329,-40.629077,-3.962005,13.774882,0.786765,1.104266,-0.322281
1.213953,-40.525315,-3.886060,13.788393,0.783241,1.104503,-0.320527
1.353105,-40.421269,-3.811895,13.802858,0.779835,1.104811,-0.318605
1.487471,-40.317171,-3.739724,13.818220,0.776555,1.105186,-0.316520
1.616758,-40.213275,-3.669776,13.834354,0.773408,1.105624,-0.314277
1.740685,-40.109841,-3.602247,13.851171,0.770403,1.106122,-0.311882
1.858974,-40.007130,-3.537357,13.868557,0.767546,1.106673,-0.309342
1.971367,-39.905405,-3.475328,13.886390,0.764846,1.107271,-0.306662
2.077607,-39.804911,-3.416362,13.904553,0.762309,1.107912,-0.303851
2.177454,-39.705942,-3.360672,13.922909,0.759939,1.108589,-0.300915
2.270667,-39.608749,-3.308487,13.941321,0.757746,1.109294,-0.297863
2.357012,-39.513611,-3.259977,13.959668,0.755731,1.110022,-0.294704
2.436260,-39.420768,-3.215373,13.977816,0.753904,1.110767,-0.291446
2.508185,-39.330493,-3.174882,13.995607,0.752266,1.111520,-0.288100
2.572559,-39.243015,-3.138717,14.012910,0.750824,1.112276,-0.284676
2.629155,-39.158607,-3.107078,14.029589,0.749582,1.113027,-0.281183
2.677744,-39.077473,-3.080172,14.045513,0.748545,1.113770,-0.277633
2.718087,-38.999855,-3.058218,14.060534,0.747718,1.114496,-0.274038
2.749949,-38.925941,-3.041430,14.074546,0.747107,1.115203,-0.270409
2.773082,-38.855959,-3.030017,14.087402,0.746715,1.115884,-0.266760
2.787228,-38.790047,-3.024219,14.099003,0.746549,1.116535,-0.263102
2.792126,-38.728402,-3.024236,14.109235,0.746614,1.117153,-0.259449
2.787495,-38.671153,-3.030317,14.117979,0.746918,1.117735,-0.255816
2.773046,-38.618443,-3.042682,14.125150,0.747465,1.118278,-0.252216
2.748476,-38.570375,-3.061581,14.130662,0.748265,1.118781,-0.248664
2.713466,-38.527007,-3.087244,14.134432,0.749323,1.119241,-0.245176
2.667686,-38.488452,-3.119923,14.136395,0.750650,1.119659,-0.241766
2.610782,-38.454720,-3.159866,14.136489,0.752253,1.120034,-0.238452
2.542397,-38.425839,-3.207346,14.134661,0.754143,1.120368,-0.235250
2.462145,-38.401818,-3.262627,14.130869,0.756330,1.120661,-0.232176
2.369634,-38.382622,-3.325962,14.125094,0.758825,1.120915,-0.229249
2.264450,-38.368212,-3.397651,14.117300,0.761639,1.121134,-0.226485
2.146166,-38.358499,-3.477964,14.107479,0.764786,1.121319,-0.223905
2.014345,-38.353417,-3.567201,14.095620,0.768276,1.121475,-0.221526
1.868535,-38.352827,-3.665635,14.081721,0.772124,1.121604,-0.219368
1.708274,-38.356601,-3.773576,14.065785,0.776342,1.121712,-0.217450
1.533092,-38.364581,-3.891326,14.047818,0.780944,1.121802,-0.215794
1.342517,-38.376607,-4.019180,14.027821,0.785944,1.121880,-0.214419
1.136068,-38.392472,-4.157444,14.005805,0.791356,1.121949,-0.213346
0.913276,-38.412001,-4.306435,13.981766,0.797192,1.122014,-0.212599
0.673665,-38.434938,-4.466429,13.955705,0.803467,1.122079,-0.212197
0.416775,-38.461085,-4.637767,13.927587,0.810192,1.122148,-0.212165
0.142162,-38.490192,-4.820716,13.897404,0.817378,1.122225,-0.212525
0.150600,-32.207833,-4.539373,14.610296,0.235037,0.866111,-0.213300
0.150600,-32.207833,-4.539373,14.610296,0.825037,1.122311,0.213300
0.443608,-32.175514,-4.344496,14.642767,0.227375,0.866020,0.214447
0.718939,-32.145014,-4.161488,14.673428,0.220181,0.865928,0.215892
0.976989,-32.116613,-3.990055,14.702319,0.213443,0.865835,0.217614
1.218174,-32.090622,-3.829932,14.729427,0.207150,0.865736,0.219592
1.442925,-32.067290,-3.680781,14.754770,0.201291,0.865630,0.221806
1.651691,-32.046927,-3.542326,14.778329,0.195852,0.865513,0.224236
1.844913,-32.029760,-3.414255,14.800087,0.190822,0.865380,0.226863
2.023046,-32.016050,-3.296264,14.820020,0.186186,0.865228,0.229669
2.186537,-32.006006,-3.188059,14.838106,0.181930,0.865052,0.232634
2.335830,-31.999833,-3.089339,14.854323,0.178043,0.864849,0.235741
2.471363,-31.997711,-2.999797,14.868652,0.174510,0.864616,0.238973
2.593562,-31.999820,-2.919164,14.881081,0.171318,0.864348,0.242313
2.702843,-32.006277,-2.847140,14.891602,0.168457,0.864044,0.245744
2.799610,-32.017210,-2.783456,14.900210,0.165913,0.863700,0.249250
2.884254,-32.032705,-2.727815,14.906925,0.163676,0.863315,0.252816
2.957146,-32.052835,-2.679966,14.911753,0.161734,0.862886,0.256427
3.018650,-32.077635,-2.639646,14.914721,0.160077,0.862415,0.260068
3.069105,-32.107115,-2.606584,14.915870,0.158697,0.861899,0.263726
3.108843,-32.141304,-2.580533,14.915248,0.157584,0.861339,0.267386
3.138177,-32.180123,-2.561244,14.912906,0.156730,0.860737,0.271035
3.157406,-32.223554,-2.548487,14.908917,0.156127,0.860094,0.274661
3.166815,-32.271526,-2.542014,14.903354,0.155769,0.859412,0.278252
3.166677,-32.323930,-2.541608,14.896290,0.155649,0.858694,0.281796
3.157256,-32.380669,-2.547018,14.887835,0.155760,0.857943,0.285281
3.138797,-32.441577,-2.558049,14.878090,0.156099,0.857165,0.288697
3.111541,-32.506546,-2.574459,14.867144,0.156657,0.856361,0.292033
3.075724,-32.575376,-2.596042,14.855136,0.157432,0.855540,0.295281
3.031566,-32.647908,-2.622585,14.842162,0.158418,0.854704,0.298429
2.979291,-32.723926,-2.653870,14.828359,0.159610,0.853862,0.301470
2.919118,-32.803251,-2.689691,14.813852,0.161004,0.853018,0.304395
2.851258,-32.885633,-2.729849,14.798767,0.162595,0.852180,0.307195
2.775930,-32.970865,-2.774131,14.783229,0.164377,0.851353,0.309864
2.693349,-33.058697,-2.822333,14.767387,0.166349,0.850546,0.312394
2.603732,-33.148909,-2.874223,14.751369,0.168501,0.849765,0.314779
2.507304,-33.241240,-2.929633,14.735288,0.170831,0.849017,0.317012
2.404296,-33.335458,-2.988334,14.719277,0.173331,0.848308,0.319087
2.294940,-33.431287,-3.050114,14.703467,0.175996,0.847646,0.321000
2.179486,-33.528493,-3.114773,14.687968,0.178820,0.847035,0.322745
2.058184,-33.626833,-3.182086,14.672897,0.181795,0.846483,0.324318
1.931304,-33.726055,-3.251837,14.658366,0.184914,0.845994,0.325714
1.799122,-33.825912,-3.323829,14.644458,0.188169,0.845573,0.326931
1.661925,-33.926162,-3.397834,14.631294,0.191553,0.845225,0.327965
1.520023,-34.026581,-3.473638,14.618930,0.195057,0.844952,0.328813
1.373726,-34.126951,-3.551003,14.607456,0.198671,0.844757,0.329474
1.223373,-34.227045,-3.629719,14.596947,0.202387,0.844644,0.329945
1.069308,-34.326651,-3.709548,14.587450,0.206194,0.844614,0.330225
0.911898,-34.425581,-3.790284,14.579022,0.210084,0.844666,0.330313
0.751517,-34.523638,-3.871666,14.571695,0.214045,0.844802,0.330209
0.588560,-34.620635,-3.953493,14.565511,0.218068,0.845021,0.329913
0.423438,-34.716411,-4.035517,14.560482,0.222142,0.845323,0.329425
0.256572,-34.810809,-4.117510,14.556629,0.226256,0.845704,0.328746
0.088402,-34.903685,-4.199223,14.553947,0.230398,0.846163,0.327878
-0.080619,-34.994899,-4.280451,14.552440,0.234558,0.846698,0.326823
-0.250025,-35.084317,-4.360928,14.552086,0.238724,0.847304,0.325583
-0.419338,-35.171838,-4.440441,14.552872,0.242884,0.847978,0.324161
-0.588068,-35.257353,-4.518742,14.554757,0.247027,0.848716,0.322560
-0.755708,-35.340760,-4.595614,14.557709,0.251140,0.849512,0.320786
-0.921752,-35.421982,-4.670806,14.561700,0.255213,0.850363,0.318841
-1.085673,-35.500950,-4.744092,14.566656,0.259231,0.851262,0.316732
-1.246946,-35.577593,-4.815228,14.572549,0.263184,0.852204,0.314463
-1.405031,-35.651849,-4.884007,14.579304,0.267058,0.853183,0.312040
-1.559385,-35.723667,-4.950195,14.586863,0.270842,0.854191,0.309471
-1.709460,-35.793003,-5.013553,14.595169,0.274524,0.855224,0.306761
-1.854704,-35.859835,-5.073863,14.604148,0.278089,0.856273,0.303920
-1.994564,-35.924111,-5.130899,14.613740,0.281527,0.857333,0.300953
-2.128481,-35.985814,-5.184417,14.623885,0.284824,0.858397,0.297871
-2.255898,-36.044912,-5.234232,14.634500,0.287970,0.859456,0.294681
-2.376260,-36.101400,-5.280098,14.645521,0.290949,0.860505,0.291393
-2.489011,-36.155251,-5.321796,14.656898,0.293753,0.861536,0.288018
-2.593602,-36.206466,-5.359099,14.668571,0.296368,0.862542,0.284565
-2.689478,-36.255011,-5.391800,14.680478,0.298784,0.863518,0.281045
-2.776101,-36.300897,-5.419677,14.692567,0.300987,0.864455,0.277470
-2.852929,-36.344101,-5.442510,14.704807,0.302969,0.865349,0.273850
-2.919430,-36.384625,-5.460073,14.717140,0.304716,0.866192,0.270199
-2.975078,-36.422447,-5.472160,14.729553,0.306220,0.866981,0.266529
-3.019355,-36.457579,-5.478520,14.742012,0.307469,0.867708,0.262853
-3.051754,-36.489994,-5.478962,14.754499,0.308454,0.868370,0.259185
-3.071773,-36.519692,-5.473235,14.767025,0.309165,0.868962,0.255537
-3.078920,-36.546656,-5.461129,14.779581,0.309593,0.869480,0.251926
-3.072713,-36.570872,-5.442401,14.792185,0.309728,0.869920,0.248365
-3.052688,-36.592357,-5.416827,14.804861,0.309563,0.870281,0.244870
-3.018377,-36.611059,-5.384177,14.817640,0.309090,0.870559,0.241456
-2.969333,-36.626991,-5.344214,14.830569,0.308300,0.870753,0.238140
-2.905122,-36.640136,-5.296685,14.843709,0.307186,0.870861,0.234939
-2.825308,-36.650471,-5.241349,14.857127,0.305741,0.870884,0.231869
-2.729479,-36.657994,-5.177974,14.870889,0.303958,0.870819,0.228947
-2.617224,-36.662684,-5.106288,14.885093,0.301832,0.870668,0.226193
-2.488145,-36.664547,-5.026044,14.899832,0.299356,0.870431,0.223623
-2.341849,-36.663557,-4.936971,14.915213,0.296523,0.870109,0.221258
-2.177959,-36.659731,-4.838823,14.931348,0.293329,0.869704,0.219116
-1.996094,-36.653067,-4.731315,14.948360,0.289768,0.869217,0.217217
-1.795881,-36.643578,-4.614170,14.966373,0.285835,0.868650,0.215582
-1.576954,-36.631273,-4.487117,14.985518,0.281525,0.868004,0.214230
-1.338940,-36.616194,-4.349863,15.005927,0.276832,0.867282,0.213183
-1.081473,-36.598360,-4.202111,15.027733,0.271751,0.866486,0.212464
-0.804176,-36.577859,-4.043580,15.051059,0.266276,0.865616,0.212092
-0.506663,-36.554742,-3.873932,15.076046,0.260402,0.864675,0.212093
-0.188541,-36.529117,-3.692877,15.102792,0.254121,0.863661,0.212487
-0.150600,-42.815294,-3.976292,14.386208,0.837427,1.118776,0.213300
