0.000000,-45.451772,-1.856993,18.422639,0.618700,1.715265,0.008658
0.079059,-45.556808,-1.817350,18.470237,0.618499,1.720010,0.008978
0.155449,-45.659126,-1.779709,18.515542,0.618045,1.724039,0.010212
0.229183,-45.758521,-1.744116,18.558653,0.617355,1.727379,0.012322
0.300264,-45.854777,-1.710573,18.599666,0.616442,1.730059,0.015274
0.368693,-45.947691,-1.679093,18.638672,0.615320,1.732112,0.019023
0.434459,-46.037081,-1.649720,18.675763,0.614006,1.733571,0.023534
0.497561,-46.122762,-1.622457,18.711012,0.612511,1.734468,0.028765
0.557980,-46.204538,-1.597310,18.744505,0.610852,1.734842,0.034668
0.615699,-46.282224,-1.574327,18.776307,0.609039,1.734728,0.041199
0.670708,-46.355626,-1.553496,18.806481,0.607085,1.734167,0.048304
0.722981,-46.424528,-1.534845,18.835113,0.605005,1.733203,0.055928
0.772504,-46.488728,-1.518347,18.862251,0.602810,1.731876,0.064013
0.819247,-46.547996,-1.504052,18.887960,0.600513,1.730233,0.072498
0.863197,-46.602100,-1.491932,18.912297,0.598123,1.728318,0.081313
0.904321,-46.650810,-1.482017,18.935305,0.595652,1.726175,0.090394
0.942604,-46.693876,-1.474266,18.957040,0.593112,1.723846,0.099667
0.978020,-46.731034,-1.468702,18.977556,0.590513,1.721376,0.109064
1.010550,-46.762053,-1.465303,18.996883,0.587862,1.718801,0.118513
1.040169,-46.786659,-1.464058,19.015079,0.585173,1.716162,0.127944
1.066860,-46.804639,-1.464976,19.032171,0.582452,1.713488,0.137294
1.090604,-46.815744,-1.467995,19.048196,0.579708,1.710808,0.146500
1.111390,-46.819748,-1.473117,19.063193,0.576948,1.708148,0.155505
1.129199,-46.816483,-1.480316,19.077189,0.574181,1.705528,0.164260
1.144023,-46.805738,-1.489576,19.090216,0.571415,1.702963,0.172721
1.155855,-46.787377,-1.500833,19.102294,0.568653,1.700462,0.180851
1.164693,-46.761240,-1.514066,19.113456,0.565902,1.698036,0.188622
1.170533,-46.727222,-1.529243,19.123714,0.563170,1.695686,0.196013
1.173380,-46.685196,-1.546309,19.133092,0.560459,1.693412,0.203009
1.173249,-46.635088,-1.565222,19.141607,0.557775,1.691213,0.209601
1.170150,-46.576809,-1.585925,19.149275,0.555120,1.689084,0.215788
1.164105,-46.510308,-1.608358,19.156103,0.552499,1.687017,0.221573
1.155135,-46.435529,-1.632479,19.162096,0.549913,1.685005,0.226965
1.143277,-46.352404,-1.658196,19.167278,0.547366,1.683040,0.231973
1.128564,-46.260892,-1.685447,19.171649,0.544858,1.681112,0.236612
1.111043,-46.160942,-1.714174,19.175204,0.542390,1.679212,0.240901
1.090763,-46.052541,-1.744290,19.177959,0.539961,1.677332,0.244856
1.067781,-45.935613,-1.775696,19.179907,0.537574,1.675461,0.248497
1.042165,-45.810139,-1.808328,19.181051,0.535228,1.673592,0.251843
1.013986,-45.676073,-1.842050,19.181389,0.532922,1.671717,0.254916
0.983323,-45.533359,-1.876807,19.180920,0.530653,1.669828,0.257734
0.950261,-45.381960,-1.912456,19.179636,0.528420,1.667922,0.260317
0.914903,-45.221845,-1.948914,19.177538,0.526222,1.665990,0.262683
0.877349,-45.052974,-1.986049,19.174611,0.524055,1.664029,0.264849
0.837710,-44.875308,-2.023735,19.170862,0.521917,1.662037,0.266832
0.796100,-44.688798,-2.061836,19.166279,0.519805,1.660010,0.268647
0.752654,-44.493435,-2.100250,19.160851,0.517716,1.657946,0.270308
0.707503,-44.289167,-2.138807,19.154582,0.515646,1.655846,0.271828
0.660787,-44.075996,-2.177394,19.147452,0.513593,1.653706,0.273220
0.612657,-43.853892,-2.215829,19.139466,0.511553,1.651531,0.274494
0.563267,-43.622852,-2.253972,19.130617,0.509520,1.649320,0.275660
0.512782,-43.382881,-2.291670,19.120897,0.507492,1.647076,0.276727
0.461367,-43.133979,-2.328760,19.110302,0.505468,1.644801,0.277703
0.409195,-42.876185,-2.365087,19.098827,0.503442,1.642498,0.278595
0.356445,-42.609520,-2.400479,19.086474,0.501411,1.640173,0.279410
0.303296,-42.334040,-2.434752,19.073243,0.499375,1.637829,0.280152
0.249936,-42.049795,-2.467744,19.059129,0.497326,1.635469,0.280828
0.196549,-41.756852,-2.499297,19.044138,0.495267,1.633102,0.281441
0.143324,-41.455314,-2.529225,19.028270,0.493194,1.630731,0.281995
0.090450,-41.145273,-2.557355,19.011533,0.491105,1.628362,0.282494
0.038113,-40.826852,-2.583518,18.993932,0.488999,1.626003,0.282940
-0.013499,-40.500158,-2.607553,18.975476,0.486878,1.623659,0.283337
-0.064203,-40.165400,-2.629291,18.956179,0.484740,1.621337,0.283686
-0.113818,-39.822691,-2.648551,18.936049,0.482583,1.619044,0.283990
-0.162171,-39.472252,-2.665208,18.915102,0.480412,1.616787,0.284249
-0.209093,-39.114263,-2.679069,18.893358,0.478227,1.614573,0.284466
-0.254419,-38.748973,-2.690029,18.870832,0.476031,1.612409,0.284642
-0.297999,-38.376588,-2.697913,18.847545,0.473824,1.610301,0.284776
-0.339685,-37.997394,-2.702608,18.823521,0.471612,1.608257,0.284872
-0.379343,-37.611651,-2.703979,18.798786,0.469400,1.606283,0.284928
-0.416849,-37.219650,-2.701925,18.773366,0.467188,1.604386,0.284947
-0.452089,-36.821708,-2.696326,18.747290,0.464985,1.602572,0.284927
-0.484962,-36.418151,-2.687102,18.720590,0.462793,1.600847,0.284870
-0.515381,-36.009293,-2.674160,18.693297,0.460620,1.599218,0.284777
-0.543275,-35.595545,-2.657447,18.665445,0.458473,1.597687,0.284647
-0.568582,-35.177258,-2.636893,18.637071,0.456356,1.596262,0.284480
-0.591253,-34.754816,-2.612457,18.608216,0.454278,1.594946,0.284277
-0.611260,-34.328613,-2.584114,18.578914,0.452246,1.593744,0.284038
-0.628582,-33.899039,-2.551835,18.549210,0.450267,1.592660,0.283763
-0.643222,-33.466573,-2.515636,18.519143,0.448350,1.591697,0.283451
-0.655186,-33.031622,-2.475517,18.488758,0.446501,1.590857,0.283104
-0.664503,-32.594627,-2.431519,18.458100,0.444730,1.590142,0.282720
-0.671207,-32.156052,-2.383669,18.427213,0.443042,1.589554,0.282299
-0.675359,-31.716353,-2.332039,18.396145,0.441449,1.589095,0.281841
-0.677014,-31.275974,-2.276688,18.364940,0.439958,1.588766,0.281346
-0.676254,-30.835422,-2.217716,18.333648,0.438575,1.588566,0.280813
-0.673169,-30.395130,-2.155205,18.302313,0.437308,1.588495,0.280242
-0.667853,-29.955603,-2.089287,18.270989,0.436165,1.588552,0.279630
-0.660412,-29.517286,-2.020067,18.239721,0.435154,1.588738,0.278978
-0.650967,-29.080694,-1.947706,18.208558,0.434279,1.589049,0.278283
-0.639635,-28.646236,-1.872334,18.177548,0.433549,1.589484,0.277544
-0.626550,-28.214447,-1.794125,18.146740,0.432968,1.590041,0.276760
-0.611847,-27.785761,-1.713249,18.116184,0.432543,1.590718,0.275927
-0.595663,-27.360638,-1.629888,18.085924,0.432277,1.591510,0.275044
-0.578142,-26.939512,-1.544228,18.056008,0.432175,1.592416,0.274106
-0.559427,-26.522856,-1.456469,18.026488,0.432243,1.593433,0.273111
-0.539664,-26.111085,-1.366815,17.997404,0.432480,1.594557,0.272055
-0.518999,-25.704616,-1.275480,17.968805,0.432892,1.595784,0.270931
-0.497580,-25.303879,-1.182681,17.940738,0.433477,1.597113,0.269736
-0.475546,-24.909247,-1.088629,17.913241,0.434239,1.598539,0.268463
-0.453038,-24.521120,-0.993553,17.886356,0.435179,1.600060,0.267105
-0.430198,-24.139870,-0.897679,17.860130,0.436295,1.601674,0.265654
-0.407155,-23.765851,-0.801232,17.834606,0.437585,1.603377,0.264101
-0.384038,-23.399405,-0.704438,17.809822,0.439050,1.605168,0.262437
-0.360970,-23.040811,-0.607513,17.785805,0.440688,1.607047,0.260651
-0.338068,-22.690432,-0.510693,17.762607,0.442495,1.609011,0.258732
-0.315445,-22.348501,-0.414186,17.740254,0.444466,1.611061,0.256666
-0.293203,-22.015313,-0.318216,17.718786,0.446600,1.613197,0.254438
-0.271437,-21.691114,-0.222992,17.698240,0.448891,1.615421,0.252035
-0.250238,-21.376095,-0.128713,17.678640,0.451332,1.617735,0.249439
-0.229689,-21.070477,-0.035583,17.660018,0.453922,1.620142,0.246634
-0.209860,-20.774455,0.056204,17.642406,0.456651,1.622645,0.243601
-0.190820,-20.488206,0.146457,17.625830,0.459511,1.625250,0.240320
-0.172625,-20.211838,0.235012,17.610322,0.462499,1.627963,0.236773
-0.155325,-19.945474,0.321699,17.595900,0.465606,1.630789,0.232939
-0.138962,-19.689244,0.406354,17.582591,0.468825,1.633738,0.228798
-0.123566,-19.443182,0.488844,17.570422,0.472146,1.636815,0.224331
-0.109168,-19.207384,0.569019,17.559404,0.475561,1.640032,0.219520
-0.095782,-18.981891,0.646757,17.549560,0.479061,1.643397,0.214348
-0.083421,-18.766768,0.721939,17.540924,0.482640,1.646918,0.208800
-0.072083,-18.561961,0.794476,17.533492,0.486286,1.650606,0.202865
-0.061766,-18.367494,0.864278,17.527289,0.489992,1.654469,0.196535
-0.052459,-18.183388,0.931257,17.522329,0.493748,1.658514,0.189806
-0.044142,-18.009624,0.995352,17.518629,0.497544,1.662747,0.182681
-0.036791,-17.846204,1.056508,17.516199,0.501371,1.667174,0.175167
-0.030372,-17.693067,1.114700,17.515048,0.505222,1.671796,0.167279
-0.024850,-17.550248,1.169886,17.515193,0.509084,1.676611,0.159037
-0.020180,-17.417660,1.222075,17.516631,0.512950,1.681617,0.150471
-0.016316,-17.295369,1.271244,17.519379,0.516809,1.686806,0.141617
-0.013203,-17.183298,1.317428,17.523436,0.520655,1.692166,0.132518
-0.010788,-17.081495,1.360634,17.528811,0.524476,1.697680,0.123224
-0.009004,-16.989905,1.400919,17.535506,0.528264,1.703330,0.113790
-0.007788,-16.908492,1.438338,17.543516,0.532009,1.709093,0.104279
-0.007074,-16.837303,1.472936,17.552856,0.535706,1.714940,0.094756
-0.006788,-16.776211,1.504816,17.563502,0.539342,1.720840,0.085289
-0.006860,-16.725224,1.534049,17.575471,0.542911,1.726760,0.075948
-0.007213,-16.684206,1.560752,17.588745,0.546404,1.732666,0.066805
-0.007772,-16.653048,1.585036,17.603309,0.549813,1.738520,0.057929
-0.008460,-16.631642,1.607017,17.619162,0.553127,1.744284,0.049388
-0.009200,-16.619820,1.626823,17.636290,0.556340,1.749921,0.041248
-0.009914,-16.617321,1.644615,17.654667,0.559444,1.755396,0.033572
-0.010527,-16.623969,1.660525,17.674292,0.562430,1.760672,0.026417
-0.010964,-16.639399,1.674729,17.695110,0.565289,1.765715,0.019838
-0.011149,-16.663312,1.687386,17.717101,0.568011,1.770492,0.013887
-0.011013,-16.695383,1.698668,17.740245,0.570590,1.774975,0.008610
-0.010489,-16.735160,1.708759,17.764490,0.573016,1.779134,0.004053
-0.009512,-16.782267,1.717827,17.789796,0.575280,1.782943,0.000257
-0.008025,-16.836233,1.726062,17.816109,0.577371,1.786378,-0.002741
-0.005972,-16.896547,1.733653,17.843367,0.579280,1.789414,-0.004899
-0.003310,-16.962688,1.740784,17.871507,0.580998,1.792031,-0.006182
0.000000,-17.034128,1.747640,17.900454,0.582512,1.794206,-0.006552
0.000000,-17.034128,1.747640,17.900454,0.582512,1.794206,-0.006552
0.301330,-16.858593,2.124530,17.960138,0.598896,1.806983,-0.012931
0.562530,-16.702171,2.465937,18.020983,0.620490,1.814619,-0.023945
0.785406,-16.567500,2.771395,18.081396,0.646343,1.817724,-0.038930
0.971724,-16.456993,3.039979,18.139687,0.675440,1.816966,-0.057179
1.123224,-16.372568,3.269741,18.194129,0.706683,1.813080,-0.077905
1.241650,-16.315810,3.457572,18.243036,0.738922,1.806833,-0.100226
1.328753,-16.288063,3.599955,18.284898,0.771005,1.798966,-0.123214
1.386280,-16.290212,3.694365,18.318432,0.801856,1.790116,-0.145946
1.415989,-16.322674,3.740351,18.342682,0.830572,1.780775,-0.167599
1.419638,-16.385506,3.739621,18.357118,0.856464,1.771261,-0.187522
1.398991,-16.478349,3.695433,18.361629,0.879104,1.761753,-0.205275
1.355820,-16.600337,3.611821,18.356523,0.898301,1.752326,-0.220635
1.291913,-16.750225,3.492990,18.342482,0.914067,1.743007,-0.233568
1.209078,-16.926307,3.343077,18.320476,0.926563,1.733804,-0.244180
1.109170,-17.126658,3.166040,18.291703,0.936045,1.724738,-0.252664
0.994077,-17.348869,2.965748,18.257435,0.942813,1.715852,-0.259261
0.865754,-17.590443,2.745961,18.219023,0.947180,1.707209,-0.264218
0.726205,-17.848546,2.510409,18.177742,0.949450,1.698891,-0.267775
0.577497,-18.120236,2.262782,18.134784,0.949899,1.690991,-0.270145
0.421742,-18.402449,2.006716,18.091200,0.948774,1.683600,-0.271513
0.261078,-18.691950,1.745778,18.047832,0.946286,1.676808,-0.272031
0.097668,-18.985579,1.483423,18.005369,0.942620,1.670688,-0.271824
-0.066350,-19.280216,1.222941,17.964287,0.937924,1.665298,-0.270988
-0.228874,-19.572810,0.967427,17.924870,0.932325,1.660679,-0.269594
-0.387880,-19.860461,0.719731,17.887210,0.925919,1.656851,-0.267688
-0.541435,-20.140481,0.482442,17.851272,0.918780,1.653816,-0.265292
-0.687745,-20.410448,0.257820,17.816857,0.910952,1.651563,-0.262405
-0.825157,-20.668254,0.047804,17.783675,0.902457,1.650069,-0.259001
-0.952188,-20.912162,-0.146013,17.751363,0.893284,1.649309,-0.255027
-1.067530,-21.140794,-0.322367,17.719521,0.883395,1.649255,-0.250399
-1.170049,-21.353035,-0.480326,17.687695,0.872715,1.649892,-0.245005
-1.258787,-21.548210,-0.619280,17.655468,0.861139,1.651220,-0.238699
-1.332933,-21.725982,-0.738904,17.622443,0.848526,1.653262,-0.231303
-1.391818,-21.886198,-0.839160,17.588266,0.834712,1.656073,-0.222615
-1.434873,-22.029051,-0.920279,17.552697,0.819520,1.659740,-0.212418
-1.461603,-22.154695,-0.982763,17.515557,0.802785,1.664388,-0.200507
-1.471542,-22.263531,-1.027400,17.476861,0.784391,1.670173,-0.186720
-1.464215,-22.355779,-1.055251,17.436774,0.764319,1.677261,-0.170983
-1.439098,-22.431666,-1.067543,17.395696,0.742699,1.685802,-0.153364
-1.395569,-22.491148,-1.065365,17.354255,0.719866,1.695888,-0.134120
-1.332881,-22.534070,-1.049069,17.313323,0.696398,1.707496,-0.113725
-1.250130,-22.559977,-1.017442,17.274013,0.673136,1.720443,-0.092868
-1.146238,-22.568161,-0.967072,17.237583,0.651143,1.734365,-0.072410
-1.019945,-22.557765,-0.892499,17.205409,0.631656,1.748729,-0.053314
-0.869840,-22.527962,-0.787305,17.178926,0.615995,1.762885,-0.036550
-0.694382,-22.477811,-0.645504,17.159494,0.605482,1.776147,-0.023044
-0.491965,-22.406446,-0.462392,17.148399,0.601392,1.787853,-0.013625
-0.260995,-22.313362,-0.234500,17.146837,0.604921,1.797408,-0.009048
0.000000,-22.198232,0.040972,17.155858,0.617208,1.804286,-0.010020
0.000000,-22.198232,0.040972,17.155858,0.617208,1.804286,-0.010020
0.009188,-22.098654,0.049518,17.113080,0.616815,1.801732,-0.009790
0.018249,-22.002145,0.057405,17.072206,0.616861,1.799965,-0.009069
0.027185,-21.909384,0.064655,17.033352,0.617332,1.798959,-0.007879
0.036003,-21.820890,0.071288,16.996596,0.618216,1.798689,-0.006240
0.044712,-21.737290,0.077330,16.962025,0.619494,1.799132,-0.004171
0.053326,-21.659048,0.082811,16.929710,0.621152,1.800263,-0.001695
0.061858,-21.586716,0.087765,16.899714,0.623175,1.802055,0.001172
0.070327,-21.520845,0.092225,16.872123,0.625548,1.804477,0.004404
0.078749,-21.461852,0.096226,16.846975,0.628254,1.807497,0.007984
0.087140,-21.410199,0.099799,16.824316,0.631275,1.811076,0.011890
0.095524,-21.366416,0.102982,16.804221,0.634596,1.815166,0.016098
0.103919,-21.330881,0.105805,16.786706,0.638201,1.819712,0.020588
0.112341,-21.304013,0.108303,16.771815,0.642073,1.824655,0.025335
0.120811,-21.286250,0.110504,16.759583,0.646195,1.829925,0.030317
0.129344,-21.277882,0.112436,16.750019,0.650548,1.835448,0.035511
0.137959,-21.279299,0.114122,16.743143,0.655117,1.841145,0.040892
0.146666,-21.290874,0.115579,16.738988,0.659882,1.846935,0.046435
0.155485,-21.312830,0.116833,16.737539,0.664827,1.852734,0.052116
0.164425,-21.345472,0.117890,16.738812,0.669933,1.858464,0.057910
0.173496,-21.388994,0.118761,16.742784,0.675183,1.864049,0.063794
0.182707,-21.443653,0.119448,16.749469,0.680560,1.869424,0.069742
0.192061,-21.509615,0.119947,16.758848,0.686045,1.874528,0.075731
0.201567,-21.586961,0.120258,16.770890,0.691620,1.879315,0.081737
0.211224,-21.675811,0.120366,16.785576,0.697267,1.883749,0.087739
0.221035,-21.776250,0.120254,16.802882,0.702971,1.887804,0.093715
0.230993,-21.888317,0.119898,16.822773,0.708713,1.891464,0.099645
0.241096,-22.011941,0.119274,16.845193,0.714474,1.894728,0.105509
0.251337,-22.147142,0.118347,16.870113,0.720242,1.897597,0.111290
0.261705,-22.293861,0.117078,16.897476,0.725998,1.900086,0.116972
0.272188,-22.451976,0.115424,16.927228,0.731726,1.902210,0.122540
0.282772,-22.621411,0.113337,16.959318,0.737411,1.903991,0.127981
0.293440,-22.801968,0.110764,16.993661,0.743038,1.905455,0.133283
0.304172,-22.993517,0.107645,17.030197,0.748594,1.906627,0.138438
0.314944,-23.195902,0.103919,17.068861,0.754062,1.907534,0.143435
0.325735,-23.408857,0.099521,17.109558,0.759433,1.908203,0.148271
0.336519,-23.632209,0.094381,17.152219,0.764692,1.908661,0.152937
0.347263,-23.865650,0.088425,17.196739,0.769828,1.908934,0.157431
0.357936,-24.109001,0.081576,17.243046,0.774829,1.909044,0.161749
0.368507,-24.361992,0.073756,17.291043,0.779685,1.909015,0.165892
0.378939,-24.624273,0.064886,17.340622,0.784385,1.908866,0.169859
0.389195,-24.895568,0.054883,17.391679,0.788922,1.908618,0.173649
0.399236,-25.175580,0.043666,17.444117,0.793285,1.908287,0.177266
0.409018,-25.463975,0.031145,17.497822,0.797468,1.907890,0.180711
0.418502,-25.760419,0.017242,17.552686,0.801465,1.907441,0.183988
0.427644,-26.064520,0.001872,17.608592,0.805267,1.906953,0.187099
0.436397,-26.375988,-0.015050,17.665426,0.808870,1.906439,0.190051
0.444720,-26.694430,-0.033602,17.723068,0.812268,1.905908,0.192846
0.452563,-27.019435,-0.053862,17.781398,0.815458,1.905371,0.195489
0.459881,-27.350637,-0.075911,17.840294,0.818437,1.904838,0.197986
0.466629,-27.687645,-0.099818,17.899633,0.821200,1.904315,0.200342
0.472757,-28.030033,-0.125656,17.959287,0.823747,1.903811,0.202562
0.478227,-28.377447,-0.153495,18.019143,0.826075,1.903331,0.204650
0.482989,-28.729394,-0.183389,18.079065,0.828184,1.902883,0.206613
0.487006,-29.085494,-0.215394,18.138936,0.830073,1.902472,0.208454
0.490232,-29.445313,-0.249568,18.198624,0.831742,1.902103,0.210180
0.492629,-29.808407,-0.285952,18.258007,0.833193,1.901780,0.211795
0.494160,-30.174396,-0.324592,18.316973,0.834426,1.901506,0.213304
0.494792,-30.542803,-0.365514,18.375393,0.835444,1.901287,0.214710
0.494497,-30.913181,-0.408747,18.433140,0.836249,1.901125,0.216019
0.493240,-31.285110,-0.454306,18.490111,0.836844,1.901023,0.217233
0.491004,-31.658182,-0.502215,18.546186,0.837232,1.900982,0.218358
0.487764,-32.031944,-0.552468,18.601255,0.837417,1.901005,0.219396
0.483507,-32.405951,-0.605057,18.655205,0.837403,1.901094,0.220351
0.478221,-32.779821,-0.659985,18.707937,0.837195,1.901249,0.221225
0.471896,-33.153094,-0.717220,18.759346,0.836795,1.901472,0.222021
0.464532,-33.525375,-0.776748,18.809336,0.836212,1.901762,0.222742
0.456131,-33.896251,-0.838524,18.857816,0.835448,1.902121,0.223389
0.446696,-34.265317,-0.902510,18.904696,0.834509,1.902547,0.223966
0.436243,-34.632211,-0.968655,18.949895,0.833401,1.903038,0.224472
0.424787,-34.996520,-1.036899,18.993337,0.832129,1.903596,0.224910
0.412351,-35.357875,-1.107182,19.034946,0.830700,1.904218,0.225281
0.398960,-35.715939,-1.179429,19.074658,0.829117,1.904902,0.225586
0.384645,-36.070350,-1.253550,19.112415,0.827388,1.905647,0.225824
0.369441,-36.420791,-1.329478,19.148160,0.825517,1.906448,0.225997
0.353390,-36.766890,-1.407105,19.181843,0.823510,1.907305,0.226105
0.336533,-37.108399,-1.486342,19.213425,0.821373,1.908213,0.226146
0.318918,-37.444971,-1.567067,19.242869,0.819111,1.909171,0.226122
0.300598,-37.776348,-1.649191,19.270143,0.816727,1.910173,0.226031
0.281628,-38.102250,-1.732590,19.295232,0.814228,1.911216,0.225872
0.262059,-38.422449,-1.817138,19.318111,0.811618,1.912296,0.225644
0.241962,-38.736710,-1.902718,19.338776,0.808900,1.913408,0.225346
0.221385,-39.044793,-1.989204,19.357221,0.806079,1.914550,0.224976
0.200404,-39.346517,-2.076465,19.373451,0.803158,1.915714,0.224531
0.179073,-39.641689,-2.164372,19.387473,0.800140,1.916897,0.224011
0.157466,-39.930138,-2.252773,19.399300,0.797030,1.918093,0.223411
0.135645,-40.211722,-2.341558,19.408958,0.793827,1.919297,0.222731
0.113676,-40.486281,-2.430560,19.416473,0.790537,1.920504,0.221965
0.091627,-40.753718,-2.519668,19.421876,0.787158,1.921709,0.221113
0.069559,-41.013916,-2.608742,19.425204,0.783694,1.922905,0.220169
0.047542,-41.266782,-2.697610,19.426504,0.780146,1.924089,0.219131
0.025637,-41.512250,-2.786176,19.425819,0.776513,1.925252,0.217994
0.003901,-41.750278,-2.874277,19.423203,0.772798,1.926389,0.216755
-0.017603,-41.980811,-2.961799,19.418714,0.768999,1.927496,0.215408
-0.038818,-42.203797,-3.048586,19.412413,0.765116,1.928564,0.213950
-0.059692,-42.419254,-3.134523,19.404364,0.761150,1.929590,0.212376
-0.080170,-42.627163,-3.219475,19.394632,0.757099,1.930563,0.210681
-0.100208,-42.827544,-3.303328,19.383288,0.752963,1.931480,0.208860
-0.119755,-43.020435,-3.385969,19.370403,0.748742,1.932333,0.206907
-0.138771,-43.205843,-3.467252,19.356059,0.744433,1.933114,0.204818
-0.157214,-43.383835,-3.547074,19.340326,0.740036,1.933815,0.202588
-0.175050,-43.554455,-3.625348,19.323284,0.735550,1.934428,0.200212
-0.192242,-43.717783,-3.701940,19.305011,0.730973,1.934945,0.197683
-0.208763,-43.873910,-3.776774,19.285587,0.726306,1.935357,0.194998
-0.224583,-44.022897,-3.849736,19.265092,0.721546,1.935652,0.192152
-0.239679,-44.164829,-3.920754,19.243607,0.716695,1.935819,0.189141
-0.254025,-44.299851,-3.989715,19.221210,0.711748,1.935847,0.185959
-0.267609,-44.428050,-4.056570,19.197977,0.706710,1.935723,0.182606
-0.280405,-44.549534,-4.121207,19.173988,0.701578,1.935431,0.179075
-0.292402,-44.664429,-4.183601,19.149316,0.696354,1.934956,0.175367
-0.303591,-44.772859,-4.243659,19.124031,0.691039,1.934280,0.171478
-0.313953,-44.874968,-4.301326,19.098205,0.685634,1.933383,0.167410
-0.323487,-44.970870,-4.356544,19.071912,0.680140,1.932246,0.163161
-0.332178,-45.060695,-4.409265,19.045214,0.674562,1.930845,0.158734
-0.340020,-45.144601,-4.459467,19.018164,0.668903,1.929156,0.154131
-0.347008,-45.222715,-4.507075,18.990831,0.663164,1.927154,0.149356
-0.353138,-45.295178,-4.552085,18.963259,0.657355,1.924809,0.144415
-0.358402,-45.362106,-4.594462,18.935502,0.651475,1.922094,0.139315
-0.362792,-45.423639,-4.634172,18.907610,0.645535,1.918983,0.134064
-0.366304,-45.479909,-4.671222,18.879607,0.639539,1.915445,0.128672
-0.368932,-45.531029,-4.705568,18.851550,0.633494,1.911455,0.123150
-0.370674,-45.577118,-4.737228,18.823455,0.627409,1.906989,0.117512
-0.371517,-45.618263,-4.766185,18.795354,0.621294,1.902028,0.111773
-0.371455,-45.654560,-4.792455,18.767265,0.615158,1.896556,0.105949
-0.370481,-45.686100,-4.816027,18.739198,0.609009,1.890565,0.100058
-0.368581,-45.712926,-4.836926,18.711168,0.602859,1.884058,0.094119
-0.365747,-45.735094,-4.855159,18.683181,0.596721,1.877045,0.088153
-0.361966,-45.752630,-4.870772,18.655224,0.590605,1.869545,0.082181
-0.357227,-45.765564,-4.883759,18.627292,0.584523,1.861591,0.076226
-0.351508,-45.773873,-4.894159,18.599379,0.578490,1.853226,0.070310
-0.344800,-45.777538,-4.902026,18.571460,0.572519,1.844503,0.064458
-0.337081,-45.776536,-4.907381,18.543504,0.566623,1.835482,0.058695
-0.328336,-45.770805,-4.910295,18.515484,0.560816,1.826234,0.053044
-0.318545,-45.760301,-4.910777,18.487358,0.555112,1.816829,0.047531
-0.307685,-45.744934,-4.908912,18.459097,0.549526,1.807346,0.042179
-0.295734,-45.724627,-4.904755,18.430637,0.544074,1.797857,0.037015
-0.282670,-45.699312,-4.898372,18.401922,0.538768,1.788434,0.032061
-0.268469,-45.668884,-4.889823,18.372903,0.533628,1.779145,0.027344
-0.253106,-45.633278,-4.879184,18.343511,0.528665,1.770049,0.022883
-0.236558,-45.592402,-4.866547,18.313670,0.523897,1.761201,0.018704
-0.218800,-45.546183,-4.851982,18.283316,0.519337,1.752646,0.014828
-0.199799,-45.494562,-4.835572,18.252351,0.515000,1.744422,0.011278
-0.179534,-45.437487,-4.817435,18.220692,0.510903,1.736560,0.008077
-0.157978,-45.374897,-4.797645,18.188260,0.507061,1.729087,0.005241
-0.135103,-45.306755,-4.776312,18.154945,0.503488,1.722021,0.002797
-0.110883,-45.233049,-4.753563,18.120645,0.500200,1.715383,0.000761
-0.085288,-45.153738,-4.729497,18.085263,0.497210,1.709189,-0.000844
-0.058295,-45.068833,-4.704252,18.048679,0.494535,1.703452,-0.001999
-0.029874,-44.978328,-4.677913,18.010791,0.492187,1.698193,-0.002685
-0.000000,-44.882240,-4.650659,17.971457,0.490180,1.693427,-0.002876
-0.000000,-44.882240,-4.650659,17.971457,0.490180,1.693427,-0.002876
-0.404128,-44.911997,-4.890257,17.933845,0.497285,1.695636,-0.008968
-0.785478,-44.940765,-5.115802,17.896961,0.504014,1.698093,-0.025435
-1.144412,-44.968330,-5.327657,17.860771,0.510379,1.700780,-0.051378
-1.481272,-44.994478,-5.526135,17.825259,0.516393,1.703686,-0.085186
-1.796391,-45.019055,-5.711611,17.790340,0.522066,1.706792,-0.124095
-2.090080,-45.041871,-5.884391,17.755959,0.527406,1.710079,-0.164219
-2.362628,-45.062811,-6.044802,17.722040,0.532423,1.713527,-0.201356
-2.614305,-45.081729,-6.193161,17.688507,0.537126,1.717118,-0.232268
-2.845358,-45.098520,-6.329766,17.655290,0.541525,1.720827,-0.255561
-3.056017,-45.113077,-6.454919,17.622321,0.545630,1.724634,-0.271628
-3.246502,-45.125306,-6.568932,17.589537,0.549448,1.728517,-0.281910
-3.417015,-45.135093,-6.672074,17.556889,0.552988,1.732451,-0.288092
-3.567776,-45.142373,-6.764644,17.524332,0.556258,1.736414,-0.291618
-3.699010,-45.147050,-6.846910,17.491845,0.559267,1.740384,-0.293528
-3.810976,-45.149046,-6.919181,17.459392,0.562024,1.744337,-0.294499
-3.903957,-45.148286,-6.981709,17.426982,0.564538,1.748251,-0.294935
-3.978296,-45.144699,-7.034764,17.394621,0.566814,1.752102,-0.295068
-4.034373,-45.138223,-7.078631,17.362317,0.568862,1.755873,-0.295024
-4.072616,-45.128763,-7.113579,17.330098,0.570690,1.759541,-0.294871
-4.093522,-45.116300,-7.139871,17.298010,0.572308,1.763088,-0.294644
-4.097611,-45.100741,-7.157761,17.266094,0.573722,1.766497,-0.294364
-4.085457,-45.082031,-7.167530,17.234405,0.574938,1.769749,-0.294043
-4.057670,-45.060136,-7.169425,17.203022,0.575969,1.772835,-0.293690
-4.014887,-45.034991,-7.163741,17.171994,0.576818,1.775739,-0.293311
-3.957761,-45.006575,-7.150701,17.141399,0.577494,1.778448,-0.292913
-3.886971,-44.974829,-7.130610,17.111336,0.578005,1.780961,-0.292501
-3.803201,-44.939734,-7.103711,17.081863,0.578356,1.783261,-0.292081
-3.707146,-44.901256,-7.070280,17.053096,0.578558,1.785352,-0.291658
-3.599510,-44.859384,-7.030587,17.025106,0.578611,1.787224,-0.291239
-3.480988,-44.814084,-6.984904,16.997989,0.578526,1.788878,-0.290829
-3.352288,-44.765370,-6.933488,16.971847,0.578307,1.790312,-0.290432
-3.214108,-44.713227,-6.876623,16.946776,0.577963,1.791529,-0.290054
-3.067148,-44.657664,-6.814582,16.922850,0.577492,1.792529,-0.289698
-2.912100,-44.598675,-6.747676,16.900162,0.576907,1.793315,-0.289368
-2.749656,-44.536296,-6.676138,16.878827,0.576209,1.793892,-0.289067
-2.580503,-44.470532,-6.600280,16.858923,0.575401,1.794265,-0.288797
-2.405319,-44.401438,-6.520390,16.840527,0.574491,1.794440,-0.288560
-2.224775,-44.329038,-6.436745,16.823733,0.573481,1.794422,-0.288356
-2.039534,-44.253376,-6.349653,16.808612,0.572374,1.794217,-0.288184
-1.850254,-44.174509,-6.259412,16.795233,0.571177,1.793834,-0.288044
-1.657581,-44.092511,-6.166293,16.783688,0.569892,1.793281,-0.287934
-1.462145,-44.007452,-6.070607,16.774004,0.568523,1.792561,-0.287850
-1.264577,-43.919415,-5.972646,16.766273,0.567071,1.791686,-0.287789
-1.065480,-43.828483,-5.872731,16.760526,0.565545,1.790662,-0.287746
-0.865455,-43.734768,-5.771144,16.756794,0.563946,1.789497,-0.287717
-0.665085,-43.638391,-5.668201,16.755125,0.562279,1.788198,-0.287695
-0.464940,-43.539462,-5.564179,16.755532,0.560547,1.786772,-0.287676
-0.265569,-43.438130,-5.459417,16.758041,0.558757,1.785230,-0.287653
-0.067509,-43.334546,-5.354178,16.762641,0.556912,1.783575,-0.287620
0.128718,-43.228864,-5.248782,16.769335,0.555018,1.781816,-0.287571
0.322615,-43.121255,-5.143519,16.778098,0.553082,1.779958,-0.287500
0.513698,-43.011895,-5.038703,16.788911,0.551108,1.778009,-0.287401
0.701497,-42.900983,-4.934594,16.801723,0.549103,1.775972,-0.287270
0.885574,-42.788736,-4.831519,16.816492,0.547074,1.773854,-0.287103
1.065493,-42.675351,-4.729741,16.833150,0.545025,1.771657,-0.286896
1.240851,-42.561061,-4.629560,16.851636,0.542970,1.769389,-0.286645
1.411248,-42.446110,-4.531242,16.871862,0.540911,1.767049,-0.286350
1.576319,-42.330730,-4.435083,16.893714,0.538857,1.764639,-0.286010
1.735702,-42.215170,-4.341352,16.917126,0.536818,1.762164,-0.285623
1.889062,-42.099687,-4.250336,16.941946,0.534801,1.759620,-0.285192
2.036078,-41.984557,-4.162279,16.968071,0.532818,1.757011,-0.284717
2.176439,-41.870049,-4.077453,16.995364,0.530873,1.754334,-0.284203
2.309857,-41.756434,-3.996135,17.023675,0.528979,1.751588,-0.283652
2.436051,-41.643971,-3.918576,17.052864,0.527146,1.748773,-0.283069
2.554761,-41.532963,-3.845038,17.082762,0.525379,1.745886,-0.282459
2.665734,-41.423674,-3.775803,17.113198,0.523692,1.742924,-0.281827
2.768727,-41.316399,-3.711083,17.144018,0.522095,1.739887,-0.281180
2.863512,-41.211392,-3.651164,17.175049,0.520596,1.736775,-0.280524
2.949865,-41.108942,-3.596302,17.206086,0.519207,1.733584,-0.279866
3.027568,-41.009292,-3.546761,17.236956,0.517940,1.730316,-0.279212
3.096414,-40.912741,-3.502788,17.267467,0.516804,1.726970,-0.278570
3.156193,-40.819512,-3.464644,17.297438,0.515809,1.723549,-0.277945
3.206691,-40.729868,-3.432601,17.326658,0.514970,1.720056,-0.277346
3.247705,-40.644029,-3.406925,17.354964,0.514296,1.716497,-0.276778
3.279010,-40.562245,-3.387884,17.382134,0.513801,1.712877,-0.276248
3.300375,-40.484686,-3.375777,17.408003,0.513498,1.709205,-0.275760
3.311557,-40.411584,-3.370861,17.432380,0.513399,1.705489,-0.275320
3.312276,-40.343097,-3.373452,17.455065,0.513519,1.701745,-0.274930
3.302230,-40.279405,-3.383834,17.475896,0.513871,1.697982,-0.274592
3.281076,-40.220648,-3.402327,17.494700,0.514470,1.694220,-0.274300
3.248426,-40.166916,-3.429229,17.511310,0.515333,1.690470,-0.274044
3.203843,-40.118366,-3.464869,17.525574,0.516472,1.686758,-0.273792
3.146830,-40.075041,-3.509570,17.537341,0.517906,1.683098,-0.273482
3.076843,-40.037001,-3.563687,17.546469,0.519649,1.679514,-0.272992
2.993273,-40.004295,-3.627569,17.552833,0.521721,1.676027,-0.272095
2.895473,-39.976917,-3.701551,17.556330,0.524139,1.672660,-0.270387
2.782746,-39.954860,-3.786024,17.556837,0.526919,1.669437,-0.267194
2.654364,-39.938058,-3.881348,17.554268,0.530083,1.666381,-0.261474
2.509587,-39.926473,-3.987921,17.548532,0.533648,1.663517,-0.251784
2.347661,-39.919982,-4.106106,17.539551,0.537630,1.660868,-0.236438
2.167833,-39.918475,-4.236310,17.527251,0.542053,1.658459,-0.213992
1.969365,-39.921804,-4.378939,17.511568,0.546934,1.656312,-0.184051
1.751534,-39.929821,-4.534382,17.492428,0.552292,1.654451,-0.148006
1.513632,-39.942321,-4.703050,17.469769,0.558145,1.652897,-0.109093
1.254986,-39.959135,-4.885359,17.443514,0.564513,1.651673,-0.071511
0.974928,-39.980003,-5.081680,17.413583,0.571415,1.650797,-0.039141
0.672819,-40.004719,-5.292459,17.379857,0.578868,1.650288,-0.014748
0.348042,-40.033030,-5.518058,17.342242,0.586887,1.650165,0.000060
0.000000,-40.064702,-5.758868,17.300575,0.595487,1.650441,0.004383
0.000000,-40.064702,-5.758868,17.300575,0.595487,1.650441,0.004383
0.350037,-40.031958,-5.517538,17.343785,0.586832,1.649788,0.010933
0.680634,-40.000518,-5.290425,17.385906,0.578654,1.648811,0.027780
0.992147,-39.970745,-5.077195,17.426917,0.570945,1.647542,0.053908
1.284943,-39.943023,-4.877552,17.466721,0.563693,1.646007,0.087556
1.559400,-39.917677,-4.691109,17.505268,0.556889,1.644231,0.125848
1.815896,-39.895092,-4.517553,17.542452,0.550520,1.642239,0.164912
2.054792,-39.875560,-4.356525,17.578173,0.544575,1.640052,0.200725
2.276442,-39.859416,-4.207676,17.612318,0.539040,1.637692,0.230314
2.481180,-39.846928,-4.070668,17.644779,0.533900,1.635181,0.252508
2.669327,-39.838369,-3.945157,17.675443,0.529143,1.632537,0.267803
2.841191,-39.833976,-3.830788,17.704203,0.524755,1.629782,0.277623
2.997071,-39.833992,-3.727255,17.730962,0.520723,1.626935,0.283577
3.137267,-39.838586,-3.634210,17.755628,0.517032,1.624018,0.287025
3.262082,-39.847939,-3.551352,17.778113,0.513670,1.621047,0.288942
3.371834,-39.862189,-3.478337,17.798367,0.510622,1.618045,0.289958
3.466846,-39.881451,-3.414882,17.816318,0.507876,1.615028,0.290449
3.547467,-39.905801,-3.360689,17.831931,0.505421,1.612017,0.290631
3.614049,-39.935285,-3.315450,17.845189,0.503244,1.609028,0.290622
3.666971,-39.969967,-3.278887,17.856088,0.501333,1.606079,0.290482
3.706612,-40.009789,-3.250718,17.864634,0.499676,1.603188,0.290248
3.733362,-40.054757,-3.230687,17.870866,0.498262,1.600369,0.289936
3.747608,-40.104816,-3.218513,17.874829,0.497083,1.597639,0.289559
3.749737,-40.159862,-3.213951,17.876573,0.496124,1.595009,0.289124
3.740133,-40.219808,-3.216717,17.876199,0.495379,1.592494,0.288639
3.719165,-40.284483,-3.226594,17.873809,0.494837,1.590108,0.288110
3.687193,-40.353776,-3.243307,17.869483,0.494487,1.587855,0.287543
3.644574,-40.427476,-3.266620,17.863382,0.494323,1.585752,0.286944
3.591637,-40.505407,-3.296294,17.855608,0.494333,1.583803,0.286320
3.528720,-40.587337,-3.332075,17.846328,0.494511,1.582018,0.285678
3.456142,-40.673063,-3.373728,17.835690,0.494848,1.580402,0.285024
3.374214,-40.762309,-3.421022,17.823850,0.495335,1.578963,0.284366
3.283244,-40.854840,-3.473709,17.810967,0.495962,1.577702,0.283710
3.183537,-40.950379,-3.531547,17.797232,0.496727,1.576625,0.283063
3.075393,-41.048674,-3.594265,17.782812,0.497615,1.575734,0.282431
2.959115,-41.149427,-3.661661,17.767857,0.498621,1.575030,0.281821
2.835012,-41.252376,-3.733463,17.752542,0.499740,1.574514,0.281238
2.703389,-41.357212,-3.809413,17.737043,0.500960,1.574186,0.280687
2.564568,-41.463664,-3.889269,17.721511,0.502275,1.574045,0.280173
2.418868,-41.571458,-3.972758,17.706102,0.503678,1.574088,0.279698
2.266631,-41.680313,-4.059613,17.690969,0.505160,1.574313,0.279267
2.108200,-41.789941,-4.149593,17.676228,0.506714,1.574715,0.278880
1.943931,-41.900079,-4.242413,17.662042,0.508333,1.575293,0.278540
1.774204,-42.010467,-4.337808,17.648493,0.510012,1.576038,0.278245
1.599397,-42.120864,-4.435481,17.635702,0.511739,1.576947,0.277994
1.419920,-42.231017,-4.535166,17.623774,0.513511,1.578014,0.277787
1.236188,-42.340690,-4.636569,17.612777,0.515320,1.579233,0.277620
1.048641,-42.449676,-4.739422,17.602788,0.517159,1.580597,0.277489
0.857723,-42.557753,-4.843399,17.593850,0.519022,1.582099,0.277390
0.663908,-42.664721,-4.948244,17.586026,0.520903,1.583732,0.277319
0.467681,-42.770403,-5.053640,17.579332,0.522797,1.585492,0.277270
0.269539,-42.874629,-5.159298,17.573794,0.524697,1.587370,0.277237
0.070003,-42.977243,-5.264897,17.569409,0.526598,1.589361,0.277214
-0.130395,-43.078098,-5.370175,17.566179,0.528495,1.591459,0.277195
-0.331109,-43.177050,-5.474791,17.564077,0.530383,1.593657,0.277173
-0.531576,-43.273996,-5.578471,17.563078,0.532259,1.595952,0.277144
-0.731224,-43.368821,-5.680894,17.563130,0.534114,1.598335,0.277101
-0.929462,-43.461420,-5.781778,17.564185,0.535945,1.600805,0.277040
-1.125701,-43.551722,-5.880803,17.566202,0.537750,1.603356,0.276956
-1.319326,-43.639652,-5.977674,17.569076,0.539519,1.605984,0.276846
-1.509728,-43.725147,-6.072075,17.572768,0.541251,1.608685,0.276706
-1.696285,-43.808145,-6.163734,17.577173,0.542938,1.611456,0.276534
-1.878368,-43.888601,-6.252349,17.582207,0.544577,1.614292,0.276330
-2.055348,-43.966475,-6.337608,17.587791,0.546162,1.617192,0.276093
-2.226591,-44.041752,-6.419224,17.593820,0.547685,1.620150,0.275823
-2.391468,-44.114386,-6.496903,17.600212,0.549143,1.623162,0.275522
-2.549345,-44.184369,-6.570327,17.606884,0.550527,1.626229,0.275192
-2.699591,-44.251668,-6.639249,17.613725,0.551830,1.629343,0.274836
-2.841586,-44.316287,-6.703346,17.620648,0.553046,1.632500,0.274458
-2.974710,-44.378205,-6.762329,17.627593,0.554167,1.635696,0.274061
-3.098358,-44.437429,-6.815901,17.634479,0.555182,1.638927,0.273651
-3.211922,-44.493922,-6.863786,17.641238,0.556086,1.642185,0.273231
-3.314820,-44.547698,-6.905688,17.647807,0.556870,1.645465,0.272809
-3.406468,-44.598736,-6.941316,17.654161,0.557522,1.648759,0.272389
-3.486301,-44.647030,-6.970370,17.660244,0.558034,1.652059,0.271976
-3.553763,-44.692553,-6.992575,17.666059,0.558396,1.655356,0.271576
-3.608309,-44.735313,-7.007599,17.671593,0.558595,1.658640,0.271194
-3.649406,-44.775264,-7.015182,17.676855,0.558623,1.661899,0.270835
-3.676525,-44.812400,-7.014995,17.681895,0.558464,1.665121,0.270502
-3.689139,-44.846684,-7.006755,17.686748,0.558113,1.668294,0.270195
-3.686721,-44.878082,-6.990140,17.691486,0.557553,1.671401,0.269912
-3.668749,-44.906593,-6.964852,17.696195,0.556774,1.674431,0.269641
-3.634673,-44.932133,-6.930584,17.700978,0.555763,1.677362,0.269355
-3.583941,-44.954696,-6.887021,17.705960,0.554508,1.680181,0.268996
-3.515984,-44.974235,-6.833831,17.711289,0.552997,1.682868,0.268451
-3.430201,-44.990694,-6.770693,17.717125,0.551216,1.685405,0.267509
-3.325982,-45.004042,-6.697303,17.723630,0.549151,1.687772,0.265794
-3.202690,-45.014226,-6.613305,17.731014,0.546791,1.689950,0.262679
-3.059676,-45.021224,-6.518372,17.739473,0.544120,1.691918,0.257187
-2.896277,-45.024974,-6.412155,17.749232,0.541125,1.693654,0.247960
-2.711839,-45.025467,-6.294328,17.760518,0.537795,1.695139,0.233385
-2.505696,-45.022669,-6.164528,17.773574,0.534112,1.696350,0.212038
-2.277200,-45.016567,-6.022388,17.788644,0.530063,1.697267,0.183420
-2.025718,-45.007142,-5.867562,17.805983,0.525634,1.697867,0.148700
-1.750623,-44.994411,-5.699670,17.825839,0.520810,1.698126,0.110846
-1.451315,-44.978365,-5.518328,17.848466,0.515573,1.698020,0.073880
-1.127193,-44.959073,-5.323172,17.874104,0.509909,1.697526,0.041671
-0.777663,-44.936565,-5.113769,17.903011,0.503800,1.696615,0.017093
-0.402133,-44.910924,-4.889737,17.935388,0.497229,1.695259,0.001905
-0.000000,-44.882240,-4.650659,17.971457,0.490180,1.693427,-0.002876
