0.000000,-40.029386,-1.434660,15.071403,0.606635,0.986220,0.000000
0.067027,-40.119099,-1.402178,15.109719,0.606663,0.989180,0.000004
0.131349,-40.204987,-1.371044,15.146545,0.606696,0.992021,0.000008
0.192997,-40.286906,-1.341312,15.181943,0.606741,0.994745,0.000012
0.251988,-40.364700,-1.312998,15.215974,0.606801,0.997353,0.000016
0.308343,-40.438227,-1.286128,15.248700,0.606883,0.999849,0.000019
0.362071,-40.507358,-1.260752,15.280176,0.606993,1.002232,0.000023
0.413187,-40.571978,-1.236887,15.310449,0.607135,1.004505,0.000027
0.461693,-40.631955,-1.214556,15.339574,0.607314,1.006668,0.000030
0.507595,-40.687184,-1.193811,15.367590,0.607536,1.008724,0.000034
0.550902,-40.737560,-1.174659,15.394535,0.607803,1.010674,0.000038
0.591613,-40.782967,-1.157136,15.420462,0.608123,1.012518,0.000042
0.629733,-40.823318,-1.141238,15.445399,0.608495,1.014259,0.000047
0.665260,-40.858509,-1.127019,15.469384,0.608928,1.015896,0.000051
0.698201,-40.888449,-1.114471,15.492451,0.609421,1.017433,0.000056
0.728553,-40.913057,-1.103635,15.514622,0.609980,1.018868,0.000062
0.756322,-40.932247,-1.094491,15.535929,0.610604,1.020205,0.000068
0.781508,-40.945920,-1.087073,15.556401,0.611299,1.021443,0.000074
0.804118,-40.954009,-1.081375,15.576053,0.612066,1.022583,0.000081
0.824153,-40.956409,-1.077404,15.594917,0.612905,1.023628,0.000088
0.841620,-40.953064,-1.075180,15.613002,0.613819,1.024577,0.000096
0.856523,-40.943876,-1.074665,15.630327,0.614809,1.025432,0.000105
0.868874,-40.928752,-1.075872,15.646908,0.615874,1.026194,0.000114
0.878678,-40.907637,-1.078794,15.662757,0.617014,1.026863,0.000124
0.885947,-40.880422,-1.083428,15.677887,0.618232,1.027440,0.000135
0.890694,-40.847046,-1.089731,15.692301,0.619523,1.027927,0.000146
0.892933,-40.807405,-1.097697,15.706014,0.620888,1.028325,0.000157
0.892678,-40.761432,-1.107310,15.719023,0.622326,1.028633,0.000170
0.889949,-40.709019,-1.118534,15.731335,0.623835,1.028854,0.000182
0.884770,-40.650094,-1.131341,15.742954,0.625413,1.028987,0.000196
0.877165,-40.584557,-1.145693,15.753879,0.627057,1.029035,0.000209
0.867160,-40.512333,-1.161548,15.764105,0.628764,1.028997,0.000224
0.854785,-40.433336,-1.178876,15.773626,0.630531,1.028875,0.000238
0.840078,-40.347459,-1.197610,15.782449,0.632354,1.028670,0.000253
0.823076,-40.254617,-1.217701,15.790562,0.634231,1.028383,0.000269
0.803825,-40.154719,-1.239107,15.797955,0.636156,1.028015,0.000284
0.782371,-40.047700,-1.261760,15.804624,0.638125,1.027568,0.000300
0.758765,-39.933442,-1.285582,15.810559,0.640133,1.027042,0.000316
0.733071,-39.811881,-1.310523,15.815751,0.642176,1.026438,0.000331
0.705351,-39.682929,-1.336473,15.820188,0.644247,1.025759,0.000347
0.675673,-39.546494,-1.363387,15.823860,0.646342,1.025005,0.000363
0.644112,-39.402498,-1.391150,15.826756,0.648455,1.024180,0.000378
0.610755,-39.250880,-1.419694,15.828862,0.650580,1.023283,0.000393
0.575689,-39.091571,-1.448910,15.830164,0.652710,1.022317,0.000408
0.539007,-38.924500,-1.478696,15.830656,0.654840,1.021284,0.000422
0.500807,-38.749599,-1.508937,15.830323,0.656963,1.020186,0.000436
0.461202,-38.566834,-1.539550,15.829149,0.659074,1.019026,0.000449
0.420304,-38.376136,-1.570394,15.827129,0.661164,1.017806,0.000461
0.378231,-38.177489,-1.601373,15.824243,0.663229,1.016529,0.000473
0.335111,-37.970848,-1.632337,15.820488,0.665262,1.015197,0.000483
0.291074,-37.756194,-1.663169,15.815852,0.667256,1.013813,0.000493
0.246258,-37.533520,-1.693740,15.810328,0.669205,1.012381,0.000502
0.200803,-37.302815,-1.723916,15.803902,0.671103,1.010904,0.000510
0.154855,-37.064105,-1.753565,15.796571,0.672944,1.009385,0.000516
0.108566,-36.817401,-1.782544,15.788328,0.674723,1.007828,0.000522
0.062085,-36.562745,-1.810698,15.779172,0.676432,1.006237,0.000526
0.015570,-36.300180,-1.837894,15.769096,0.678068,1.004616,0.000529
-0.030822,-36.029760,-1.863996,15.758100,0.679624,1.002968,0.000531
-0.076934,-35.751576,-1.888851,15.746184,0.681098,1.001299,0.000531
-0.122607,-35.465706,-1.912312,15.733351,0.682482,0.999611,0.000530
-0.167684,-35.172260,-1.934237,15.719604,0.683774,0.997911,0.000528
-0.212009,-34.871336,-1.954494,15.704946,0.684970,0.996202,0.000524
-0.255429,-34.563119,-1.972938,15.689389,0.686068,0.994489,0.000519
-0.297792,-34.247712,-1.989418,15.672941,0.687062,0.992777,0.000513
-0.338955,-33.925316,-2.003828,15.655611,0.687952,0.991070,0.000505
-0.378776,-33.596092,-2.016008,15.637414,0.688735,0.989373,0.000496
-0.417121,-33.260268,-2.025867,15.618366,0.689411,0.987692,0.000486
-0.453864,-32.918031,-2.033260,15.598482,0.689977,0.986030,0.000474
-0.488885,-32.569641,-2.038090,15.577783,0.690433,0.984392,0.000462
-0.522074,-32.215335,-2.040244,15.556290,0.690780,0.982783,0.000447
-0.553329,-31.855379,-2.039636,15.534026,0.691017,0.981208,0.000432
-0.582560,-31.490060,-2.036165,15.511015,0.691146,0.979671,0.000416
-0.609685,-31.119677,-2.029763,15.487287,0.691168,0.978176,0.000398
-0.634634,-30.744514,-2.020350,15.462866,0.691085,0.976727,0.000380
-0.657353,-30.364950,-2.007880,15.437784,0.690899,0.975329,0.000360
-0.677794,-29.981303,-1.992294,15.412074,0.690613,0.973984,0.000340
-0.695921,-29.593921,-1.973556,15.385770,0.690229,0.972697,0.000318
-0.711716,-29.203168,-1.951642,15.358905,0.689752,0.971471,0.000296
-0.725166,-28.809396,-1.926528,15.331515,0.689186,0.970308,0.000273
-0.736278,-28.413044,-1.898224,15.303640,0.688533,0.969212,0.000250
-0.745063,-28.014483,-1.866729,15.275316,0.687800,0.968185,0.000225
-0.751551,-27.614118,-1.832075,15.246584,0.686991,0.967228,0.000200
-0.755774,-27.212369,-1.794283,15.217488,0.686110,0.966344,0.000175
-0.757788,-26.809656,-1.753410,15.188064,0.685162,0.965535,0.000149
-0.757645,-26.406383,-1.709504,15.158358,0.684154,0.964801,0.000123
-0.755419,-26.003013,-1.662648,15.128413,0.683091,0.964143,0.000096
-0.751188,-25.599942,-1.612906,15.098269,0.681978,0.963562,0.000069
-0.745036,-25.197635,-1.560388,15.067976,0.680820,0.963058,0.000042
-0.737055,-24.796496,-1.505179,15.037573,0.679624,0.962631,0.000015
-0.727348,-24.396999,-1.447413,15.007107,0.678396,0.962281,-0.000012
-0.716019,-23.999518,-1.387196,14.976622,0.677140,0.962005,-0.000040
-0.703180,-23.604545,-1.324672,14.946162,0.675862,0.961805,-0.000068
-0.688948,-23.212479,-1.259982,14.915775,0.674568,0.961677,-0.000095
-0.673437,-22.823743,-1.193275,14.885501,0.673263,0.961621,-0.000122
-0.656769,-22.438738,-1.124707,14.855384,0.671952,0.961635,-0.000150
-0.639064,-22.057900,-1.054444,14.825473,0.670640,0.961717,-0.000177
-0.620443,-21.681614,-0.982655,14.795807,0.669333,0.961863,-0.000204
-0.601029,-21.310269,-0.909517,14.766429,0.668034,0.962072,-0.000230
-0.580943,-20.944263,-0.835213,14.737386,0.666748,0.962342,-0.000256
-0.560299,-20.583946,-0.759916,14.708715,0.665480,0.962668,-0.000282
-0.539213,-20.229695,-0.683819,14.680455,0.664232,0.963048,-0.000308
-0.517799,-19.881859,-0.607110,14.652652,0.663010,0.963479,-0.000332
-0.496163,-19.540777,-0.529975,14.625347,0.661816,0.963958,-0.000357
-0.474407,-19.206776,-0.452605,14.598576,0.660653,0.964481,-0.000380
-0.452630,-18.880127,-0.375179,14.572371,0.659525,0.965045,-0.000403
-0.430926,-18.561183,-0.297894,14.546778,0.658434,0.965647,-0.000425
-0.409383,-18.250176,-0.220925,14.521828,0.657382,0.966283,-0.000447
-0.388079,-17.947403,-0.144457,14.497558,0.656372,0.966950,-0.000467
-0.367092,-17.653115,-0.068667,14.474008,0.655406,0.967645,-0.000487
-0.346490,-17.367517,0.006281,14.451205,0.654485,0.968364,-0.000506
-0.326337,-17.090841,0.080217,14.429181,0.653611,0.969105,-0.000524
-0.306688,-16.823307,0.152979,14.407972,0.652785,0.969865,-0.000541
-0.287596,-16.565112,0.224409,14.387606,0.652009,0.970639,-0.000556
-0.269101,-16.316398,0.294370,14.368117,0.651284,0.971427,-0.000571
-0.251245,-16.077321,0.362722,14.349529,0.650610,0.972225,-0.000584
-0.234058,-15.848047,0.429330,14.331875,0.649987,0.973031,-0.000596
-0.217565,-15.628655,0.494085,14.315180,0.649418,0.973843,-0.000607
-0.201790,-15.419279,0.556864,14.299467,0.648901,0.974658,-0.000616
-0.186748,-15.220005,0.617568,14.284763,0.648438,0.975476,-0.000624
-0.172448,-15.030938,0.676102,14.271104,0.648029,0.976294,-0.000631
-0.158896,-14.852065,0.732395,14.258495,0.647673,0.977112,-0.000636
-0.146094,-14.683444,0.786376,14.246970,0.647372,0.977927,-0.000640
-0.134038,-14.525121,0.837977,14.236545,0.647125,0.978740,-0.000642
-0.122722,-14.377091,0.887154,14.227248,0.646932,0.979551,-0.000643
-0.112135,-14.239359,0.933866,14.219096,0.646794,0.980358,-0.000642
-0.102261,-14.111853,0.978099,14.212107,0.646710,0.981161,-0.000639
-0.093086,-13.994577,1.019825,14.206303,0.646681,0.981962,-0.000635
-0.084585,-13.887400,1.059059,14.201693,0.646706,0.982761,-0.000629
-0.076737,-13.790317,1.095792,14.198300,0.646786,0.983558,-0.000621
-0.069515,-13.703166,1.130061,14.196137,0.646921,0.984355,-0.000612
-0.062893,-13.625887,1.161881,14.195217,0.647112,0.985153,-0.000601
-0.056838,-13.558313,1.191310,14.195555,0.647357,0.985953,-0.000588
-0.051316,-13.500268,1.218402,14.197154,0.647657,0.986758,-0.000574
-0.046296,-13.451657,1.243209,14.200040,0.648013,0.987569,-0.000557
-0.041739,-13.412207,1.265824,14.204204,0.648425,0.988390,-0.000539
-0.037610,-13.381775,1.286318,14.209665,0.648892,0.989221,-0.000519
-0.033867,-13.360084,1.304802,14.216422,0.649415,0.990067,-0.000497
-0.030471,-13.346883,1.321377,14.224472,0.649995,0.990929,-0.000474
-0.027383,-13.341938,1.336154,14.233825,0.650631,0.991811,-0.000448
-0.024561,-13.344965,1.349250,14.244480,0.651323,0.992716,-0.000421
-0.021963,-13.355608,1.360811,14.256422,0.652073,0.993647,-0.000392
-0.019548,-13.373600,1.370959,14.269664,0.652879,0.994607,-0.000361
-0.017277,-13.398513,1.379852,14.284170,0.653742,0.995600,-0.000329
-0.015107,-13.429991,1.387633,14.299931,0.654661,0.996628,-0.000294
-0.013003,-13.467665,1.394458,14.316946,0.655638,0.997695,-0.000258
-0.010929,-13.511061,1.400491,14.335178,0.656672,0.998804,-0.000220
-0.008852,-13.559770,1.405884,14.354606,0.657761,0.999958,-0.000179
-0.006742,-13.613312,1.410804,14.375198,0.658907,1.001160,-0.000137
-0.004575,-13.671165,1.415419,14.396911,0.660109,1.002411,-0.000094
-0.002332,-13.732798,1.419894,14.419705,0.661366,1.003715,-0.000048
0.000000,-13.797671,1.424391,14.443531,0.662677,1.005073,0.000000
0.000000,-13.797671,1.424391,14.443531,0.662677,1.005073,0.000000
0.235847,-13.637181,1.718991,14.486127,0.669681,1.013282,-0.001871
0.442169,-13.499616,1.975532,14.522976,0.675802,1.020452,-0.003509
0.620135,-13.386527,2.194410,14.553774,0.681072,1.026596,-0.004924
0.770884,-13.299255,2.376060,14.578193,0.685527,1.031717,-0.006128
0.895534,-13.238672,2.521066,14.595916,0.689203,1.035815,-0.007130
0.995211,-13.205335,2.630178,14.606696,0.692138,1.038897,-0.007942
1.071043,-13.199594,2.704311,14.610428,0.694369,1.040980,-0.008575
1.124168,-13.221422,2.744591,14.607129,0.695936,1.042093,-0.009039
1.155738,-13.270454,2.752378,14.596965,0.696877,1.042282,-0.009342
1.166928,-13.346111,2.729227,14.580283,0.697228,1.041607,-0.009495
1.158938,-13.447586,2.676896,14.557569,0.697028,1.040144,-0.009507
1.133001,-13.573741,2.597363,14.529441,0.696314,1.037983,-0.009385
1.090398,-13.723247,2.492796,14.496638,0.695122,1.035228,-0.009138
1.032459,-13.894460,2.365555,14.459969,0.693486,1.031988,-0.008774
0.960579,-14.085637,2.218140,14.420313,0.691441,1.028379,-0.008301
0.876210,-14.294661,2.053219,14.378531,0.689019,1.024520,-0.007727
0.780881,-14.519383,1.873545,14.335506,0.686251,1.020528,-0.007061
0.676178,-14.757374,1.681970,14.292049,0.683167,1.016513,-0.006311
0.563750,-15.006127,1.481383,14.248905,0.679795,1.012578,-0.005486
0.445287,-15.263031,1.274675,14.206734,0.676163,1.008815,-0.004596
0.322507,-15.525320,1.064703,14.166051,0.672298,1.005301,-0.003650
0.197138,-15.790293,0.854245,14.127285,0.668228,1.002099,-0.002659
0.070887,-16.055276,0.645939,14.090730,0.663979,0.999253,-0.001634
-0.054578,-16.317643,0.442263,14.056562,0.659583,0.996795,-0.000585
-0.177665,-16.574886,0.245485,14.024834,0.655070,0.994736,0.000476
-0.296864,-16.824663,0.057652,13.995541,0.650475,0.993077,0.001538
-0.410791,-17.064844,-0.119464,13.968571,0.645837,0.991803,0.002588
-0.518185,-17.293542,-0.284361,13.943777,0.641198,0.990889,0.003615
-0.617934,-17.509167,-0.435816,13.920984,0.636607,0.990304,0.004608
-0.709070,-17.710406,-0.572874,13.900020,0.632114,0.990009,0.005555
-0.790773,-17.896134,-0.694833,13.880691,0.627776,0.989964,0.006443
-0.862361,-18.065582,-0.801225,13.862858,0.623656,0.990128,0.007263
-0.923268,-18.218246,-0.891766,13.846414,0.619818,0.990463,0.008001
-0.973028,-18.353763,-0.966322,13.831280,0.616330,0.990934,0.008648
-1.011241,-18.472073,-1.024857,13.817455,0.613263,0.991511,0.009192
-1.037542,-18.573097,-1.067378,13.804930,0.610688,0.992172,0.009622
-1.051561,-18.657027,-1.093881,13.793779,0.608676,0.992900,0.009928
-1.052893,-18.723974,-1.104298,13.784074,0.607297,0.993686,0.010098
-1.041057,-18.774171,-1.098448,13.775917,0.606619,0.994529,0.010123
-1.015463,-18.807751,-1.075997,13.769407,0.606703,0.995432,0.009991
-0.975393,-18.824907,-1.036418,13.764638,0.607609,0.996409,0.009692
-0.919975,-18.825726,-0.978981,13.761703,0.609389,0.997476,0.009215
-0.848181,-18.810205,-0.902731,13.760641,0.612090,0.998657,0.008550
-0.758825,-18.778314,-0.806509,13.761479,0.615755,0.999979,0.007685
-0.650591,-18.730117,-0.688973,13.764234,0.620420,1.001476,0.006611
-0.522054,-18.665599,-0.548646,13.768853,0.626119,1.003183,0.005316
-0.371740,-18.584798,-0.383986,13.775260,0.632883,1.005135,0.003789
-0.198180,-18.488059,-0.193475,13.783345,0.640743,1.007369,0.002021
0.000000,-18.375847,0.024274,13.792922,0.649734,1.009913,0.000000
0.000000,-18.375847,0.024274,13.792922,0.649734,1.009913,0.000000
0.006828,-18.290151,0.030697,13.757916,0.648802,1.007956,0.000061
0.013381,-18.208460,0.036858,13.724431,0.647910,1.006077,0.000119
0.019670,-18.131335,0.042766,13.692572,0.647059,1.004276,0.000175
0.025708,-18.059192,0.048432,13.662411,0.646252,1.002552,0.000229
0.031511,-17.992536,0.053867,13.634026,0.645488,1.000901,0.000281
0.037098,-17.931721,0.059090,13.607483,0.644769,0.999323,0.000330
0.042488,-17.877179,0.064118,13.582841,0.644095,0.997815,0.000377
0.047705,-17.829333,0.068969,13.560177,0.643467,0.996375,0.000422
0.052771,-17.788479,0.073663,13.539530,0.642885,0.995001,0.000465
0.057707,-17.754949,0.078218,13.520944,0.642348,0.993690,0.000506
0.062541,-17.729130,0.082655,13.504486,0.641858,0.992440,0.000545
0.067295,-17.711267,0.086992,13.490175,0.641413,0.991248,0.000583
0.071992,-17.701634,0.091245,13.478054,0.641014,0.990113,0.000619
0.076657,-17.700524,0.095430,13.468156,0.640659,0.989032,0.000654
0.081310,-17.708092,0.099559,13.460495,0.640348,0.988002,0.000687
0.085975,-17.724586,0.103642,13.455091,0.640079,0.987022,0.000719
0.090671,-17.750238,0.107686,13.451977,0.639853,0.986089,0.000749
0.095418,-17.785152,0.111700,13.451146,0.639666,0.985201,0.000778
0.100234,-17.829510,0.115681,13.452611,0.639519,0.984358,0.000806
0.105135,-17.883408,0.119627,13.456361,0.639409,0.983555,0.000833
0.110136,-17.947001,0.123533,13.462411,0.639335,0.982793,0.000858
0.115248,-18.020378,0.127385,13.470746,0.639295,0.982069,0.000883
0.120485,-18.103563,0.131175,13.481346,0.639286,0.981382,0.000906
0.125854,-18.196625,0.134880,13.494197,0.639306,0.980730,0.000929
0.131365,-18.299614,0.138479,13.509282,0.639354,0.980113,0.000950
0.137019,-18.412552,0.141943,13.526576,0.639426,0.979530,0.000970
0.142822,-18.535370,0.145243,13.546031,0.639520,0.978978,0.000990
0.148774,-18.668089,0.148344,13.567628,0.639632,0.978459,0.001008
0.154872,-18.810672,0.151204,13.591321,0.639761,0.977971,0.001025
0.161114,-18.963025,0.153783,13.617067,0.639903,0.977513,0.001041
0.167493,-19.125110,0.156031,13.644824,0.640055,0.977086,0.001056
0.174000,-19.296775,0.157899,13.674525,0.640213,0.976688,0.001070
0.180624,-19.477937,0.159331,13.706117,0.640375,0.976321,0.001082
0.187352,-19.668490,0.160269,13.739551,0.640537,0.975983,0.001094
0.194169,-19.868229,0.160655,13.774745,0.640696,0.975676,0.001104
0.201056,-20.077037,0.160425,13.811646,0.640848,0.975398,0.001112
0.207993,-20.294670,0.159513,13.850163,0.640991,0.975152,0.001119
0.214956,-20.521003,0.157848,13.890238,0.641120,0.974936,0.001125
0.221922,-20.755825,0.155365,13.931793,0.641233,0.974753,0.001129
0.228862,-20.998854,0.151990,13.974733,0.641326,0.974601,0.001131
0.235749,-21.249872,0.147653,14.018972,0.641396,0.974482,0.001132
0.242552,-21.508637,0.142282,14.064434,0.641440,0.974397,0.001131
0.249234,-21.774877,0.135798,14.111014,0.641455,0.974346,0.001128
0.255765,-22.048313,0.128136,14.158630,0.641439,0.974331,0.001123
0.262107,-22.328615,0.119219,14.207178,0.641388,0.974351,0.001116
0.268223,-22.615544,0.108976,14.256566,0.641300,0.974408,0.001107
0.274077,-22.908764,0.097339,14.306688,0.641173,0.974504,0.001096
0.279627,-23.207919,0.084241,14.357447,0.641005,0.974637,0.001083
0.284834,-23.512695,0.069611,14.408739,0.640794,0.974810,0.001068
0.289658,-23.822756,0.053393,14.460458,0.640538,0.975023,0.001051
0.294057,-24.137726,0.035520,14.512497,0.640236,0.975278,0.001031
0.297994,-24.457300,0.015936,14.564762,0.639887,0.975574,0.001009
0.301428,-24.781042,-0.005407,14.617133,0.639489,0.975912,0.000986
0.304322,-25.108618,-0.028559,14.669515,0.639042,0.976293,0.000959
0.306636,-25.439642,-0.053567,14.721793,0.638545,0.976717,0.000931
0.308334,-25.773723,-0.080468,14.773867,0.638000,0.977185,0.000900
0.309382,-26.110524,-0.109302,14.825638,0.637404,0.977697,0.000868
0.309747,-26.449616,-0.140091,14.876997,0.636760,0.978253,0.000833
0.309402,-26.790602,-0.172861,14.927840,0.636067,0.978853,0.000796
0.308314,-27.133104,-0.207626,14.978073,0.635327,0.979497,0.000757
0.306462,-27.476758,-0.244407,15.027599,0.634540,0.980185,0.000717
0.303823,-27.821157,-0.283200,15.076320,0.633709,0.980917,0.000674
0.300381,-28.165899,-0.324000,15.124142,0.632834,0.981691,0.000630
0.296119,-28.510641,-0.366813,15.170981,0.631917,0.982507,0.000584
0.291026,-28.854965,-0.411610,15.216745,0.630960,0.983364,0.000537
0.285097,-29.198517,-0.458382,15.261355,0.629966,0.984262,0.000488
0.278329,-29.540919,-0.507095,15.304729,0.628937,0.985199,0.000437
0.270721,-29.881807,-0.557716,15.346793,0.627876,0.986173,0.000386
0.262280,-30.220851,-0.610205,15.387479,0.626784,0.987183,0.000334
0.253016,-30.557674,-0.664514,15.426717,0.625664,0.988228,0.000280
0.242944,-30.891939,-0.720595,15.464445,0.624521,0.989306,0.000226
0.232081,-31.223340,-0.778386,15.500607,0.623355,0.990414,0.000172
0.220450,-31.551543,-0.837814,15.535153,0.622171,0.991551,0.000116
0.208077,-31.876261,-0.898825,15.568034,0.620971,0.992714,0.000061
0.194995,-32.197149,-0.961330,15.599206,0.619758,0.993902,0.000005
0.181235,-32.513980,-1.025258,15.628636,0.618534,0.995110,-0.000050
0.166837,-32.826433,-1.090508,15.656289,0.617304,0.996338,-0.000106
0.151843,-33.134268,-1.157009,15.682141,0.616069,0.997582,-0.000161
0.136297,-33.437227,-1.224657,15.706171,0.614833,0.998839,-0.000216
0.120242,-33.735097,-1.293351,15.728365,0.613598,1.000107,-0.000270
0.103735,-34.027656,-1.362995,15.748712,0.612367,1.001383,-0.000323
0.086821,-34.314681,-1.433486,15.767208,0.611141,1.002664,-0.000376
0.069559,-34.595999,-1.504716,15.783856,0.609924,1.003947,-0.000427
0.051999,-34.871427,-1.576580,15.798660,0.608718,1.005228,-0.000478
0.034202,-35.140802,-1.648952,15.811630,0.607524,1.006505,-0.000527
0.016222,-35.403986,-1.721745,15.822785,0.606345,1.007775,-0.000575
-0.001882,-35.660823,-1.794819,15.832147,0.605181,1.009035,-0.000621
-0.020053,-35.911217,-1.868084,15.839739,0.604036,1.010282,-0.000666
-0.038235,-36.155050,-1.941426,15.845591,0.602909,1.011513,-0.000709
-0.056368,-36.392226,-2.014703,15.849742,0.601802,1.012725,-0.000750
-0.074396,-36.622676,-2.087836,15.852225,0.600716,1.013916,-0.000790
-0.092268,-36.846347,-2.160692,15.853085,0.599652,1.015082,-0.000827
-0.109927,-37.063179,-2.233177,15.852368,0.598611,1.016221,-0.000863
-0.127322,-37.273109,-2.305162,15.850124,0.597592,1.017331,-0.000897
-0.144405,-37.476141,-2.376553,15.846404,0.596597,1.018409,-0.000928
-0.161125,-37.672244,-2.447241,15.841262,0.595623,1.019453,-0.000958
-0.177442,-37.861420,-2.517128,15.834757,0.594673,1.020460,-0.000986
-0.193307,-38.043689,-2.586124,15.826945,0.593746,1.021428,-0.001011
-0.208684,-38.219036,-2.654107,15.817893,0.592841,1.022356,-0.001035
-0.223532,-38.387507,-2.720992,15.807659,0.591957,1.023242,-0.001056
-0.237819,-38.549124,-2.786707,15.796306,0.591094,1.024082,-0.001075
-0.251509,-38.703938,-2.851141,15.783902,0.590251,1.024877,-0.001092
-0.264576,-38.852011,-2.914231,15.770509,0.589427,1.025625,-0.001107
-0.276991,-38.993377,-2.975882,15.756192,0.588620,1.026323,-0.001120
-0.288731,-39.128088,-3.036033,15.741019,0.587830,1.026970,-0.001131
-0.299771,-39.256252,-3.094591,15.725052,0.587055,1.027566,-0.001141
-0.310098,-39.377922,-3.151512,15.708355,0.586294,1.028110,-0.001148
-0.319687,-39.493167,-3.206703,15.690991,0.585544,1.028598,-0.001153
-0.328527,-39.602073,-3.260141,15.673022,0.584806,1.029032,-0.001157
-0.336609,-39.704721,-3.311747,15.654503,0.584076,1.029410,-0.001158
-0.343916,-39.801212,-3.361474,15.635493,0.583354,1.029731,-0.001158
-0.350443,-39.891613,-3.409269,15.616054,0.582637,1.029994,-0.001157
-0.356181,-39.976008,-3.455092,15.596235,0.581924,1.030199,-0.001153
-0.361123,-40.054510,-3.498918,15.576080,0.581212,1.030345,-0.001148
-0.365265,-40.127194,-3.540683,15.555645,0.580500,1.030430,-0.001142
-0.368606,-40.194157,-3.580379,15.534964,0.579787,1.030455,-0.001134
-0.371138,-40.255469,-3.617973,15.514086,0.579069,1.030417,-0.001124
-0.372859,-40.311224,-3.653431,15.493045,0.578347,1.030318,-0.001113
-0.373768,-40.361516,-3.686752,15.471868,0.577615,1.030156,-0.001101
-0.373862,-40.406418,-3.717896,15.450595,0.576875,1.029930,-0.001087
-0.373143,-40.446021,-3.746870,15.429244,0.576123,1.029640,-0.001072
-0.371603,-40.480389,-3.773655,15.407837,0.575357,1.029284,-0.001055
-0.369245,-40.509601,-3.798255,15.386391,0.574576,1.028863,-0.001038
-0.366064,-40.533746,-3.820654,15.364913,0.573778,1.028373,-0.001019
-0.362057,-40.552873,-3.840865,15.343416,0.572960,1.027817,-0.000998
-0.357222,-40.567058,-3.858885,15.321905,0.572121,1.027191,-0.000976
-0.351554,-40.576362,-3.874743,15.300370,0.571259,1.026496,-0.000953
-0.345051,-40.580863,-3.888427,15.278807,0.570372,1.025729,-0.000929
-0.337702,-40.580599,-3.899958,15.257209,0.569457,1.024890,-0.000903
-0.329507,-40.575629,-3.909371,15.235558,0.568515,1.023977,-0.000875
-0.320455,-40.566022,-3.916675,15.213829,0.567541,1.022990,-0.000846
-0.310541,-40.551817,-3.921917,15.191997,0.566536,1.021927,-0.000816
-0.299759,-40.533083,-3.925095,15.170033,0.565494,1.020786,-0.000784
-0.288095,-40.509849,-3.926269,15.147910,0.564418,1.019567,-0.000750
-0.275543,-40.482172,-3.925472,15.125579,0.563302,1.018267,-0.000715
-0.262090,-40.450112,-3.922749,15.102992,0.562146,1.016885,-0.000678
-0.247729,-40.413697,-3.918139,15.080111,0.560948,1.015419,-0.000639
-0.232445,-40.372994,-3.911693,15.056880,0.559705,1.013869,-0.000598
-0.216231,-40.328042,-3.903477,15.033237,0.558416,1.012231,-0.000555
-0.199073,-40.278892,-3.893535,15.009131,0.557078,1.010505,-0.000510
-0.180955,-40.225610,-3.881925,14.984484,0.555689,1.008688,-0.000463
-0.161868,-40.168256,-3.868734,14.959228,0.554247,1.006778,-0.000414
-0.141799,-40.106876,-3.854012,14.933299,0.552749,1.004775,-0.000362
-0.120734,-40.041539,-3.837837,14.906611,0.551191,1.002676,-0.000308
-0.098661,-39.972330,-3.820302,14.879079,0.549573,1.000479,-0.000252
-0.075563,-39.899296,-3.801478,14.850626,0.547891,0.998183,-0.000193
-0.051431,-39.822543,-3.781465,14.821158,0.546142,0.995784,-0.000131
-0.026247,-39.742141,-3.760324,14.790589,0.544322,0.993283,-0.000067
-0.000000,-39.658194,-3.738192,14.758808,0.542427,0.990676,0.000000
-0.000000,-39.658194,-3.738192,14.758808,0.542427,0.990676,0.000000
-0.339264,-39.686456,-3.930988,14.730110,0.549123,0.991764,-0.000998
-0.657745,-39.712777,-4.112072,14.703126,0.555408,0.992785,-0.001936
-0.955838,-39.737021,-4.281767,14.677752,0.561289,0.993738,-0.002813
-1.233922,-39.759050,-4.440362,14.653902,0.566773,0.994624,-0.003632
-1.492369,-39.778785,-4.588195,14.631444,0.571865,0.995441,-0.004393
-1.731541,-39.796113,-4.725543,14.610264,0.576571,0.996188,-0.005098
-1.951792,-39.810989,-4.852705,14.590238,0.580896,0.996861,-0.005747
-2.153480,-39.823343,-4.969971,14.571242,0.584846,0.997459,-0.006342
-2.336960,-39.833142,-5.077611,14.553156,0.588426,0.997980,-0.006885
-2.502591,-39.840348,-5.175903,14.535861,0.591639,0.998422,-0.007375
-2.650743,-39.844941,-5.265127,14.519245,0.594494,0.998783,-0.007816
-2.781780,-39.846879,-5.345532,14.503203,0.596993,0.999061,-0.008206
-2.896083,-39.846166,-5.417386,14.487635,0.599143,0.999255,-0.008549
-2.994040,-39.842775,-5.480934,14.472457,0.600949,0.999364,-0.008844
-3.076050,-39.836703,-5.536451,14.457577,0.602420,0.999388,-0.009094
-3.142515,-39.827934,-5.584165,14.442937,0.603559,0.999327,-0.009299
-3.193859,-39.816467,-5.624316,14.428477,0.604376,0.999181,-0.009461
-3.230507,-39.802303,-5.657157,14.414141,0.604876,0.998952,-0.009581
-3.252896,-39.785408,-5.682925,14.399892,0.605068,0.998641,-0.009660
-3.261485,-39.765816,-5.701848,14.385703,0.604960,0.998250,-0.009700
-3.256728,-39.743492,-5.714151,14.371556,0.604560,0.997782,-0.009701
-3.239098,-39.718431,-5.720073,14.357440,0.603876,0.997240,-0.009666
-3.209079,-39.690638,-5.719826,14.343368,0.602919,0.996629,-0.009595
-3.167165,-39.660092,-5.713660,14.329336,0.601697,0.995951,-0.009491
-3.113853,-39.626808,-5.701764,14.315368,0.600220,0.995212,-0.009354
-3.049656,-39.590755,-5.684390,14.301501,0.598499,0.994417,-0.009185
-2.975092,-39.551945,-5.661743,14.287756,0.596544,0.993570,-0.008987
-2.890683,-39.510360,-5.634046,14.274192,0.594366,0.992679,-0.008761
-2.796968,-39.466010,-5.601522,14.260846,0.591975,0.991749,-0.008508
-2.694477,-39.418872,-5.564392,14.247776,0.589384,0.990787,-0.008230
-2.583759,-39.368967,-5.522861,14.235045,0.586604,0.989798,-0.007928
-2.465357,-39.316285,-5.477155,14.222720,0.583646,0.988791,-0.007603
-2.339822,-39.260840,-5.427494,14.210852,0.580523,0.987771,-0.007258
-2.207702,-39.202628,-5.374124,14.199510,0.577246,0.986745,-0.006894
-2.069552,-39.141671,-5.317227,14.188780,0.573828,0.985721,-0.006512
-1.925924,-39.077977,-5.257050,14.178726,0.570281,0.984705,-0.006113
-1.777368,-39.011589,-5.193816,14.169408,0.566617,0.983705,-0.005700
-1.624431,-38.942523,-5.127744,14.160906,0.562850,0.982726,-0.005273
-1.467658,-38.870814,-5.059073,14.153277,0.558990,0.981775,-0.004835
-1.307590,-38.796507,-4.988035,14.146583,0.555051,0.980858,-0.004385
-1.144760,-38.719660,-4.914839,14.140901,0.551046,0.979982,-0.003927
-0.979694,-38.640336,-4.839727,14.136258,0.546985,0.979152,-0.003460
-0.812914,-38.558600,-4.762926,14.132733,0.542881,0.978373,-0.002987
-0.644927,-38.474526,-4.684686,14.130355,0.538747,0.977651,-0.002508
-0.476235,-38.388211,-4.605224,14.129156,0.534593,0.976990,-0.002025
-0.307327,-38.299761,-4.524787,14.129177,0.530433,0.976394,-0.001539
-0.138681,-38.209274,-4.443590,14.130434,0.526278,0.975867,-0.001051
0.029238,-38.116885,-4.361898,14.132949,0.522138,0.975414,-0.000561
0.195979,-38.022731,-4.279914,14.136719,0.518026,0.975035,-0.000072
0.361101,-37.926955,-4.197891,14.141748,0.513952,0.974734,0.000416
0.524183,-37.829714,-4.116054,14.148015,0.509928,0.974512,0.000902
0.684815,-37.731171,-4.034651,14.155510,0.505964,0.974371,0.001385
0.842600,-37.631512,-3.953885,14.164187,0.502070,0.974310,0.001864
0.997163,-37.530939,-3.874014,14.174016,0.498257,0.974330,0.002337
1.148137,-37.429640,-3.795247,14.184938,0.494533,0.974430,0.002805
1.295176,-37.327829,-3.717821,14.196906,0.490911,0.974609,0.003266
1.437939,-37.225739,-3.641947,14.209843,0.487397,0.974864,0.003719
1.576114,-37.123591,-3.567862,14.223658,0.484002,0.975192,0.004163
1.709387,-37.021613,-3.495780,14.238293,0.480735,0.975590,0.004597
1.837471,-36.920054,-3.425931,14.253626,0.477601,0.976054,0.005020
1.960085,-36.819167,-3.358510,14.269570,0.474612,0.976579,0.005431
2.076957,-36.719209,-3.293736,14.286012,0.471771,0.977159,0.005829
2.187831,-36.620431,-3.231831,14.302833,0.469089,0.977790,0.006213
2.292455,-36.523075,-3.172998,14.319920,0.466570,0.978465,0.006581
2.390593,-36.427425,-3.117448,14.337139,0.464220,0.979177,0.006932
2.482008,-36.333723,-3.065410,14.354354,0.462047,0.979920,0.007266
2.566471,-36.242238,-3.017054,14.371449,0.460054,0.980688,0.007580
2.643759,-36.153200,-2.972611,14.388291,0.458249,0.981473,0.007874
2.713652,-36.066872,-2.932286,14.404729,0.456635,0.982269,0.008147
2.775925,-35.983470,-2.896294,14.420635,0.455217,0.983069,0.008397
2.830360,-35.903257,-2.864831,14.435875,0.454000,0.983866,0.008623
2.876734,-35.826425,-2.838107,14.450324,0.452989,0.984655,0.008824
2.914814,-35.753200,-2.816339,14.463839,0.452188,0.985429,0.008998
2.944373,-35.683759,-2.799740,14.476318,0.451603,0.986184,0.009144
2.965169,-35.618314,-2.788518,14.487618,0.451237,0.986914,0.009261
2.976953,-35.556988,-2.782914,14.497647,0.451099,0.987615,0.009347
2.979471,-35.499964,-2.783125,14.506294,0.451192,0.988283,0.009401
2.972451,-35.447354,-2.789402,14.513448,0.451523,0.988915,0.009423
2.955611,-35.399283,-2.801963,14.519028,0.452097,0.989508,0.009410
2.928659,-35.355840,-2.821057,14.522955,0.452924,0.990060,0.009361
2.891285,-35.317061,-2.846914,14.525151,0.454010,0.990570,0.009275
2.843168,-35.283044,-2.879784,14.525558,0.455364,0.991037,0.009151
2.783964,-35.253778,-2.919916,14.524121,0.456993,0.991460,0.008988
2.713326,-35.229272,-2.967580,14.520793,0.458909,0.991841,0.008783
2.630878,-35.209514,-3.023042,14.515539,0.461122,0.992180,0.008537
2.536239,-35.194449,-3.086551,14.508348,0.463641,0.992480,0.008248
2.429006,-35.184016,-3.158408,14.499191,0.466479,0.992741,0.007914
2.308765,-35.178105,-3.238880,14.488066,0.469648,0.992967,0.007534
2.175087,-35.176625,-3.328270,14.474972,0.473160,0.993162,0.007108
2.027536,-35.179416,-3.426847,14.459914,0.477027,0.993328,0.006633
1.865660,-35.186326,-3.534920,14.442902,0.481264,0.993470,0.006109
1.689003,-35.197170,-3.652791,14.423953,0.485883,0.993591,0.005535
1.497104,-35.211767,-3.780753,14.403075,0.490898,0.993696,0.004909
1.289497,-35.229881,-3.919113,14.380288,0.496323,0.993789,0.004230
1.065725,-35.251311,-4.068184,14.355597,0.502171,0.993875,0.003497
0.825327,-35.275775,-4.228242,14.329012,0.508455,0.993957,0.002708
0.567857,-35.303049,-4.399627,14.300507,0.515186,0.994038,0.001864
0.292885,-35.332853,-4.582606,14.270085,0.522377,0.994123,0.000961
0.000000,-35.364933,-4.777473,14.237696,0.530037,0.994211,0.000000
0.000000,-35.364933,-4.777473,14.237696,0.530037,0.994211,0.000000
0.292885,-35.332853,-4.582606,14.270085,0.522377,0.994123,0.000961
0.567857,-35.303049,-4.399627,14.300507,0.515186,0.994038,0.001864
0.825327,-35.275775,-4.228242,14.329012,0.508455,0.993957,0.002708
1.065725,-35.251311,-4.068184,14.355597,0.502171,0.993875,0.003497
1.289497,-35.229881,-3.919113,14.380288,0.496323,0.993789,0.004230
1.497104,-35.211767,-3.780753,14.403075,0.490898,0.993696,0.004909
1.689003,-35.197170,-3.652791,14.423953,0.485883,0.993591,0.005535
1.865660,-35.186326,-3.534920,14.442902,0.481264,0.993470,0.006109
2.027536,-35.179416,-3.426847,14.459914,0.477027,0.993328,0.006633
2.175087,-35.176625,-3.328270,14.474972,0.473160,0.993162,0.007108
2.308765,-35.178105,-3.238880,14.488066,0.469648,0.992967,0.007534
2.429006,-35.184016,-3.158408,14.499191,0.466479,0.992741,0.007914
2.536239,-35.194449,-3.086551,14.508348,0.463641,0.992480,0.008248
2.630878,-35.209514,-3.023042,14.515539,0.461122,0.992180,0.008537
2.713326,-35.229272,-2.967580,14.520793,0.458909,0.991841,0.008783
2.783964,-35.253778,-2.919916,14.524121,0.456993,0.991460,0.008988
2.843168,-35.283044,-2.879784,14.525558,0.455364,0.991037,0.009151
2.891285,-35.317061,-2.846914,14.525151,0.454010,0.990570,0.009275
2.928659,-35.355840,-2.821057,14.522955,0.452924,0.990060,0.009361
2.955611,-35.399283,-2.801963,14.519028,0.452097,0.989508,0.009410
2.972451,-35.447354,-2.789402,14.513448,0.451523,0.988915,0.009423
2.979471,-35.499964,-2.783125,14.506294,0.451192,0.988283,0.009401
2.976953,-35.556988,-2.782914,14.497647,0.451099,0.987615,0.009347
2.965169,-35.618314,-2.788518,14.487618,0.451237,0.986914,0.009261
2.944373,-35.683759,-2.799740,14.476318,0.451603,0.986184,0.009144
2.914814,-35.753200,-2.816339,14.463839,0.452188,0.985429,0.008998
2.876734,-35.826425,-2.838107,14.450324,0.452989,0.984655,0.008824
2.830360,-35.903257,-2.864831,14.435875,0.454000,0.983866,0.008623
2.775925,-35.983470,-2.896294,14.420635,0.455217,0.983069,0.008397
2.713652,-36.066872,-2.932286,14.404729,0.456635,0.982269,0.008147
2.643759,-36.153200,-2.972611,14.388291,0.458249,0.981473,0.007874
2.566471,-36.242238,-3.017054,14.371449,0.460054,0.980688,0.007580
2.482008,-36.333723,-3.065410,14.354354,0.462047,0.979920,0.007266
2.390593,-36.427425,-3.117448,14.337139,0.464220,0.979177,0.006932
2.292455,-36.523075,-3.172998,14.319920,0.466570,0.978465,0.006581
2.187831,-36.620431,-3.231831,14.302833,0.469089,0.977790,0.006213
2.076957,-36.719209,-3.293736,14.286012,0.471771,0.977159,0.005829
1.960085,-36.819167,-3.358510,14.269570,0.474612,0.976579,0.005431
1.837471,-36.920054,-3.425931,14.253626,0.477601,0.976054,0.005020
1.709387,-37.021613,-3.495780,14.238293,0.480735,0.975590,0.004597
1.576114,-37.123591,-3.567862,14.223658,0.484002,0.975192,0.004163
1.437939,-37.225739,-3.641947,14.209843,0.487397,0.974864,0.003719
1.295176,-37.327829,-3.717821,14.196906,0.490911,0.974609,0.003266
1.148137,-37.429640,-3.795247,14.184938,0.494533,0.974430,0.002805
0.997163,-37.530939,-3.874014,14.174016,0.498257,0.974330,0.002337
0.842600,-37.631512,-3.953885,14.164187,0.502070,0.974310,0.001864
0.684815,-37.731171,-4.034651,14.155510,0.505964,0.974371,0.001385
0.524183,-37.829714,-4.116054,14.148015,0.509928,0.974512,0.000902
0.361101,-37.926955,-4.197891,14.141748,0.513952,0.974734,0.000416
0.195979,-38.022731,-4.279914,14.136719,0.518026,0.975035,-0.000072
0.029238,-38.116885,-4.361898,14.132949,0.522138,0.975414,-0.000561
-0.138681,-38.209274,-4.443590,14.130434,0.526278,0.975867,-0.001051
-0.307327,-38.299761,-4.524787,14.129177,0.530433,0.976394,-0.001539
-0.476235,-38.388211,-4.605224,14.129156,0.534593,0.976990,-0.002025
-0.644927,-38.474526,-4.684686,14.130355,0.538747,0.977651,-0.002508
-0.812914,-38.558600,-4.762926,14.132733,0.542881,0.978373,-0.002987
-0.979694,-38.640336,-4.839727,14.136258,0.546985,0.979152,-0.003460
-1.144760,-38.719660,-4.914839,14.140901,0.551046,0.979982,-0.003927
-1.307590,-38.796507,-4.988035,14.146583,0.555051,0.980858,-0.004385
-1.467658,-38.870814,-5.059073,14.153277,0.558990,0.981775,-0.004835
-1.624431,-38.942523,-5.127744,14.160906,0.562850,0.982726,-0.005273
-1.777368,-39.011589,-5.193816,14.169408,0.566617,0.983705,-0.005700
-1.925924,-39.077977,-5.257050,14.178726,0.570281,0.984705,-0.006113
-2.069552,-39.141671,-5.317227,14.188780,0.573828,0.985721,-0.006512
-2.207702,-39.202628,-5.374124,14.199510,0.577246,0.986745,-0.006894
-2.339822,-39.260840,-5.427494,14.210852,0.580523,0.987771,-0.007258
-2.465357,-39.316285,-5.477155,14.222720,0.583646,0.988791,-0.007603
-2.583759,-39.368967,-5.522861,14.235045,0.586604,0.989798,-0.007928
-2.694477,-39.418872,-5.564392,14.247776,0.589384,0.990787,-0.008230
-2.796968,-39.466010,-5.601522,14.260846,0.591975,0.991749,-0.008508
-2.890683,-39.510360,-5.634046,14.274192,0.594366,0.992679,-0.008761
-2.975092,-39.551945,-5.661743,14.287756,0.596544,0.993570,-0.008987
-3.049656,-39.590755,-5.684390,14.301501,0.598499,0.994417,-0.009185
-3.113853,-39.626808,-5.701764,14.315368,0.600220,0.995212,-0.009354
-3.167165,-39.660092,-5.713660,14.329336,0.601697,0.995951,-0.009491
-3.209079,-39.690638,-5.719826,14.343368,0.602919,0.996629,-0.009595
-3.239098,-39.718431,-5.720073,14.357440,0.603876,0.997240,-0.009666
-3.256728,-39.743492,-5.714151,14.371556,0.604560,0.997782,-0.009701
-3.261485,-39.765816,-5.701848,14.385703,0.604960,0.998250,-0.009700
-3.252896,-39.785408,-5.682925,14.399892,0.605068,0.998641,-0.009660
-3.230507,-39.802303,-5.657157,14.414141,0.604876,0.998952,-0.009581
-3.193859,-39.816467,-5.624316,14.428477,0.604376,0.999181,-0.009461
-3.142515,-39.827934,-5.584165,14.442937,0.603559,0.999327,-0.009299
-3.076050,-39.836703,-5.536451,14.457577,0.602420,0.999388,-0.009094
-2.994040,-39.842775,-5.480934,14.472457,0.600949,0.999364,-0.008844
-2.896083,-39.846166,-5.417386,14.487635,0.599143,0.999255,-0.008549
-2.781780,-39.846879,-5.345532,14.503203,0.596993,0.999061,-0.008206
-2.650743,-39.844941,-5.265127,14.519245,0.594494,0.998783,-0.007816
-2.502591,-39.840348,-5.175903,14.535861,0.591639,0.998422,-0.007375
-2.336960,-39.833142,-5.077611,14.553156,0.588426,0.997980,-0.006885
-2.153480,-39.823343,-4.969971,14.571242,0.584846,0.997459,-0.006342
-1.951792,-39.810989,-4.852705,14.590238,0.580896,0.996861,-0.005747
-1.731541,-39.796113,-4.725543,14.610264,0.576571,0.996188,-0.005098
-1.492369,-39.778785,-4.588195,14.631444,0.571865,0.995441,-0.004393
-1.233922,-39.759050,-4.440362,14.653902,0.566773,0.994624,-0.003632
-0.955838,-39.737021,-4.281767,14.677752,0.561289,0.993738,-0.002813
-0.657745,-39.712777,-4.112072,14.703126,0.555408,0.992785,-0.001936
-0.339264,-39.686456,-3.930988,14.730110,0.549123,0.991764,-0.000998
-0.000000,-39.658194,-3.738192,14.758808,0.542427,0.990676,0.000000
