0.000000,-45.451772,-1.856993,18.422639,0.618700,1.715265,0.008658
0.078796,-45.555938,-1.817170,18.470460,0.618632,1.720276,0.008511
0.154415,-45.655689,-1.778999,18.516421,0.618571,1.725088,0.008370
0.226889,-45.750884,-1.742540,18.560606,0.618523,1.729703,0.008237
0.296243,-45.841366,-1.707811,18.603089,0.618491,1.734127,0.008110
0.362501,-45.926992,-1.674843,18.643950,0.618480,1.738362,0.007990
0.425676,-46.007637,-1.643693,18.683262,0.618495,1.742413,0.007877
0.485789,-46.083181,-1.614380,18.721080,0.618539,1.746282,0.007772
0.542843,-46.153498,-1.586928,18.757478,0.618618,1.749972,0.007675
0.596849,-46.218478,-1.561399,18.792502,0.618734,1.753485,0.007586
0.647818,-46.278016,-1.537800,18.826203,0.618891,1.756824,0.007506
0.695752,-46.331999,-1.516172,18.858648,0.619095,1.759992,0.007435
0.740660,-46.380336,-1.496508,18.889871,0.619345,1.762990,0.007372
0.782541,-46.422925,-1.478871,18.919921,0.619647,1.765821,0.007319
0.821406,-46.459673,-1.463250,18.948843,0.620002,1.768488,0.007274
0.857254,-46.490498,-1.449694,18.976663,0.620414,1.770991,0.007240
0.890093,-46.515312,-1.438175,19.003422,0.620882,1.773332,0.007215
0.919927,-46.534015,-1.428733,19.029157,0.621410,1.775514,0.007199
0.946764,-46.546538,-1.421361,19.053888,0.621999,1.777538,0.007194
0.970605,-46.552776,-1.416062,19.077657,0.622649,1.779406,0.007198
0.991463,-46.552666,-1.412863,19.100475,0.623361,1.781120,0.007213
1.009342,-46.546111,-1.411714,19.122366,0.624134,1.782681,0.007237
1.024256,-46.533012,-1.412632,19.143352,0.624968,1.784090,0.007272
1.036212,-46.513312,-1.415605,19.163449,0.625862,1.785351,0.007316
1.045224,-46.486898,-1.420627,19.182675,0.626816,1.786464,0.007370
1.051307,-46.453705,-1.427649,19.201033,0.627826,1.787430,0.007434
1.054477,-46.413624,-1.436661,19.218545,0.628892,1.788252,0.007508
1.054750,-46.366581,-1.447642,19.235208,0.630011,1.788931,0.007591
1.052147,-46.312464,-1.460547,19.251033,0.631179,1.789469,0.007684
1.046696,-46.251195,-1.475344,19.266027,0.632393,1.789869,0.007785
1.038422,-46.182668,-1.491984,19.280187,0.633650,1.790130,0.007896
1.027354,-46.106801,-1.510416,19.293513,0.634945,1.790256,0.008015
1.013525,-46.023500,-1.530605,19.305996,0.636273,1.790247,0.008142
0.996978,-45.932652,-1.552466,19.317649,0.637630,1.790108,0.008278
0.977750,-45.834165,-1.575943,19.328459,0.639011,1.789839,0.008420
0.955895,-45.727936,-1.600983,19.338412,0.640410,1.789443,0.008570
0.931462,-45.613898,-1.627503,19.347510,0.641821,1.788922,0.008727
0.904509,-45.491922,-1.655409,19.355741,0.643238,1.788278,0.008890
0.875103,-45.361936,-1.684640,19.363093,0.644655,1.787516,0.009058
0.843316,-45.223845,-1.715064,19.369558,0.646064,1.786636,0.009231
0.809223,-45.077546,-1.746625,19.375123,0.647460,1.785642,0.009409
0.772906,-44.922957,-1.779184,19.379778,0.648835,1.784539,0.009590
0.734464,-44.760006,-1.812658,19.383507,0.650182,1.783329,0.009775
0.693993,-44.588617,-1.846918,19.386294,0.651494,1.782014,0.009962
0.651598,-44.408715,-1.881837,19.388137,0.652764,1.780602,0.010150
0.607390,-44.220220,-1.917277,19.389016,0.653985,1.779094,0.010340
0.561496,-44.023096,-1.953139,19.388917,0.655149,1.777496,0.010529
0.514042,-43.817266,-1.989251,19.387833,0.656249,1.775812,0.010718
0.465163,-43.602708,-2.025498,19.385743,0.657279,1.774046,0.010905
0.415004,-43.379375,-2.061699,19.382644,0.658231,1.772204,0.011089
0.363712,-43.147242,-2.097711,19.378525,0.659100,1.770293,0.011270
0.311448,-42.906301,-2.133380,19.373378,0.659878,1.768318,0.011447
0.258369,-42.656537,-2.168542,19.367188,0.660559,1.766283,0.011618
0.204644,-42.397977,-2.203041,19.359952,0.661138,1.764196,0.011783
0.150448,-42.130631,-2.236701,19.351665,0.661610,1.762064,0.011941
0.095953,-41.854546,-2.269337,19.342325,0.661970,1.759892,0.012090
0.041342,-41.569763,-2.300788,19.331926,0.662212,1.757688,0.012231
-0.013204,-41.276340,-2.330890,19.320470,0.662333,1.755460,0.012361
-0.067502,-40.974377,-2.359458,19.307956,0.662331,1.753213,0.012480
-0.121366,-40.663957,-2.386316,19.294388,0.662200,1.750956,0.012587
-0.174614,-40.345199,-2.411294,19.279772,0.661940,1.748696,0.012682
-0.227062,-40.018207,-2.434229,19.264113,0.661549,1.746441,0.012763
-0.278531,-39.683184,-2.454950,19.247424,0.661026,1.744199,0.012829
-0.328841,-39.340242,-2.473275,19.229716,0.660370,1.741977,0.012880
-0.377824,-38.989596,-2.489077,19.210998,0.659581,1.739782,0.012915
-0.425313,-38.631427,-2.502163,19.191291,0.658660,1.737623,0.012933
-0.471144,-38.265979,-2.512426,19.170610,0.657609,1.735506,0.012933
-0.515171,-37.893457,-2.519689,19.148976,0.656429,1.733441,0.012916
-0.557247,-37.514146,-2.523838,19.126413,0.655124,1.731433,0.012880
-0.597240,-37.128304,-2.524738,19.102943,0.653697,1.729489,0.012825
-0.635027,-36.736222,-2.522287,19.078595,0.652152,1.727617,0.012750
-0.670495,-36.338214,-2.516364,19.053396,0.650494,1.725824,0.012656
-0.703545,-35.934607,-2.506890,19.027378,0.648727,1.724115,0.012542
-0.734089,-35.525713,-2.493768,19.000573,0.646858,1.722496,0.012407
-0.762058,-35.111944,-2.476948,18.973014,0.644892,1.720972,0.012253
-0.787390,-34.693650,-2.456358,18.944738,0.642836,1.719549,0.012078
-0.810036,-34.271215,-2.431958,18.915785,0.640697,1.718231,0.011883
-0.829968,-33.845033,-2.403722,18.886191,0.638483,1.717023,0.011668
-0.847165,-33.415495,-2.371622,18.855998,0.636201,1.715928,0.011434
-0.861628,-32.983079,-2.335674,18.825250,0.633859,1.714948,0.011180
-0.873363,-32.548193,-2.295879,18.793987,0.631465,1.714088,0.010907
-0.882400,-32.111281,-2.252278,18.762257,0.629027,1.713348,0.010616
-0.888770,-31.672804,-2.204899,18.730105,0.626554,1.712730,0.010307
-0.892531,-31.233222,-2.153815,18.697576,0.624054,1.712235,0.009981
-0.893739,-30.792980,-2.099084,18.664718,0.621536,1.711863,0.009638
-0.892474,-30.352586,-2.040811,18.631581,0.619007,1.711615,0.009280
-0.888822,-29.912475,-1.979075,18.598208,0.616477,1.711490,0.008907
-0.882876,-29.473154,-1.914011,18.564656,0.613951,1.711485,0.008520
-0.874740,-29.035071,-1.845727,18.530967,0.611440,1.711600,0.008120
-0.864530,-28.598743,-1.774382,18.497195,0.608951,1.711832,0.007708
-0.852361,-28.164583,-1.700110,18.463388,0.606490,1.712178,0.007286
-0.838365,-27.733131,-1.623086,18.429595,0.604063,1.712635,0.006853
-0.822673,-27.304824,-1.543483,18.395870,0.601680,1.713200,0.006412
-0.805416,-26.880126,-1.461481,18.362256,0.599343,1.713868,0.005964
-0.786736,-26.459479,-1.377272,18.328805,0.597061,1.714636,0.005509
-0.766771,-26.043362,-1.291055,18.295571,0.594838,1.715497,0.005050
-0.745661,-25.632196,-1.203037,18.262596,0.592678,1.716447,0.004586
-0.723549,-25.226408,-1.113433,18.229930,0.590587,1.717482,0.004119
-0.700578,-24.826437,-1.022463,18.197624,0.588568,1.718595,0.003651
-0.676881,-24.432667,-0.930339,18.165721,0.586624,1.719780,0.003183
-0.652593,-24.045510,-0.837291,18.134265,0.584758,1.721033,0.002715
-0.627852,-23.665352,-0.743549,18.103309,0.582973,1.722347,0.002249
-0.602779,-23.292564,-0.649336,18.072897,0.581271,1.723716,0.001786
-0.577499,-22.927504,-0.554882,18.043073,0.579653,1.725134,0.001327
-0.552128,-22.570473,-0.460402,18.013871,0.578120,1.726596,0.000873
-0.526778,-22.221854,-0.366134,17.985345,0.576674,1.728095,0.000425
-0.501557,-21.881907,-0.272287,17.957529,0.575313,1.729626,-0.000016
-0.476559,-21.550955,-0.179085,17.930470,0.574039,1.731183,-0.000449
-0.451876,-21.229275,-0.086737,17.904209,0.572851,1.732760,-0.000873
-0.427593,-20.917092,0.004559,17.878781,0.571747,1.734353,-0.001287
-0.403789,-20.614664,0.094599,17.854222,0.570729,1.735956,-0.001692
-0.380529,-20.322227,0.183191,17.830575,0.569792,1.737564,-0.002084
-0.357881,-20.040003,0.270144,17.807872,0.568938,1.739174,-0.002466
-0.335897,-19.768147,0.355299,17.786155,0.568163,1.740780,-0.002834
-0.314626,-19.506831,0.438485,17.765451,0.567466,1.742379,-0.003190
-0.294110,-19.256237,0.519545,17.745799,0.566846,1.743968,-0.003532
-0.274379,-19.016455,0.598348,17.727231,0.566299,1.745542,-0.003861
-0.255467,-18.787631,0.674749,17.709774,0.565825,1.747101,-0.004175
-0.237392,-18.569862,0.748632,17.693461,0.565422,1.748640,-0.004474
-0.220171,-18.363261,0.819881,17.678335,0.565086,1.750157,-0.004758
-0.203812,-18.167820,0.888417,17.664404,0.564816,1.751652,-0.005027
-0.188319,-17.983601,0.954156,17.651708,0.564611,1.753124,-0.005281
-0.173691,-17.810656,1.017019,17.640270,0.564468,1.754571,-0.005519
-0.159924,-17.648983,1.076953,17.630123,0.564386,1.755993,-0.005741
-0.147006,-17.498588,1.133913,17.621287,0.564362,1.757390,-0.005948
-0.134919,-17.359395,1.187884,17.613788,0.564396,1.758763,-0.006139
-0.123649,-17.231409,1.238835,17.607651,0.564486,1.760112,-0.006313
-0.113167,-17.114490,1.286786,17.602891,0.564631,1.761440,-0.006473
-0.103450,-17.008633,1.331728,17.599538,0.564829,1.762748,-0.006617
-0.094466,-16.913665,1.373708,17.597606,0.565081,1.764038,-0.006745
-0.086185,-16.829522,1.412747,17.597115,0.565384,1.765312,-0.006858
-0.078567,-16.756021,1.448914,17.598084,0.565740,1.766575,-0.006956
-0.071574,-16.692977,1.482280,17.600521,0.566146,1.767829,-0.007040
-0.065167,-16.640284,1.512906,17.604457,0.566604,1.769078,-0.007109
-0.059299,-16.597647,1.540907,17.609884,0.567112,1.770325,-0.007164
-0.053927,-16.564914,1.566371,17.616828,0.567672,1.771576,-0.007206
-0.049004,-16.541780,1.589433,17.625291,0.568284,1.772835,-0.007234
-0.044478,-16.527978,1.610217,17.635270,0.568947,1.774108,-0.007250
-0.040304,-16.523250,1.628856,17.646782,0.569662,1.775398,-0.007253
-0.036430,-16.527291,1.645496,17.659826,0.570429,1.776711,-0.007245
-0.032804,-16.539711,1.660312,17.674389,0.571250,1.778053,-0.007225
-0.029378,-16.560223,1.673453,17.690488,0.572125,1.779429,-0.007195
-0.026100,-16.588358,1.685111,17.708084,0.573055,1.780845,-0.007155
-0.022921,-16.623731,1.695463,17.727169,0.574039,1.782306,-0.007106
-0.019795,-16.665938,1.704695,17.747744,0.575080,1.783817,-0.007047
-0.016680,-16.714461,1.713008,17.769769,0.576176,1.785384,-0.006981
-0.013533,-16.768857,1.720588,17.793219,0.577329,1.787011,-0.006907
-0.010319,-16.828595,1.727638,17.818061,0.578539,1.788702,-0.006827
-0.007006,-16.893110,1.734363,17.844247,0.579806,1.790463,-0.006741
-0.003572,-16.961818,1.740964,17.871730,0.581131,1.792297,-0.006649
0.000000,-17.034128,1.747640,17.900454,0.582512,1.794206,-0.006552
0.000000,-17.034128,1.747640,17.900454,0.582512,1.794206,-0.006552
0.302562,-16.861714,2.117999,17.955464,0.595175,1.808804,-0.010160
0.567260,-16.714106,2.440590,18.003101,0.606262,1.821559,-0.013317
0.795618,-16.593103,2.715999,18.043018,0.615855,1.832497,-0.016045
0.989128,-16.500241,2.944865,18.074825,0.624034,1.841628,-0.018364
1.149262,-16.436534,3.128012,18.098145,0.630885,1.848959,-0.020295
1.277494,-16.402634,3.266458,18.112684,0.636487,1.854502,-0.021859
1.375297,-16.398962,3.361406,18.118325,0.640920,1.858288,-0.023074
1.444148,-16.425530,3.414307,18.115102,0.644259,1.860371,-0.023961
1.485533,-16.481978,3.426878,18.103240,0.646575,1.860829,-0.024538
1.500955,-16.567721,3.401056,18.083190,0.647932,1.859767,-0.024823
1.491939,-16.681919,3.339008,18.055577,0.648395,1.857318,-0.024832
1.460047,-16.823380,3.243159,18.021197,0.648020,1.853637,-0.024584
1.406888,-16.990694,3.116146,17.980993,0.646863,1.848899,-0.024095
1.334126,-17.182105,2.960834,17.935999,0.644976,1.843296,-0.023382
1.243503,-17.395737,2.780252,17.887336,0.642411,1.837027,-0.022461
1.136830,-17.629296,2.577629,17.836099,0.639218,1.830296,-0.021352
1.016009,-17.880431,2.356300,17.783410,0.635445,1.823304,-0.020071
0.883015,-18.146472,2.119720,17.730294,0.631144,1.816244,-0.018638
0.739906,-18.424636,1.871403,17.677696,0.626367,1.809294,-0.017072
0.588792,-18.712006,1.614872,17.626440,0.621166,1.802613,-0.015395
0.431822,-19.005477,1.353621,17.577174,0.615599,1.796337,-0.013627
0.271166,-19.301991,1.091063,17.530428,0.609726,1.790577,-0.011790
0.108978,-19.598508,0.830459,17.486558,0.603608,1.785415,-0.009908
-0.052634,-19.892028,0.574888,17.445766,0.597312,1.780905,-0.008002
-0.211639,-20.179680,0.327192,17.408106,0.590906,1.777077,-0.006096
-0.366107,-20.458773,0.089961,17.373543,0.584464,1.773932,-0.004212
-0.514246,-20.726860,-0.134539,17.341916,0.578059,1.771452,-0.002372
-0.654413,-20.981780,-0.344353,17.313018,0.571770,1.769598,-0.000597
-0.785138,-21.221719,-0.537858,17.286603,0.565677,1.768321,0.001091
-0.905122,-21.445194,-0.713746,17.262433,0.559862,1.767558,0.002674
-1.013239,-21.650961,-0.871015,17.240248,0.554410,1.767245,0.004132
-1.108532,-21.838199,-1.008941,17.219855,0.549404,1.767316,0.005448
-1.190180,-22.006409,-1.127024,17.201107,0.544931,1.767706,0.006606
-1.257484,-22.155277,-1.224948,17.183898,0.541078,1.768361,0.007588
-1.309825,-22.284849,-1.302522,17.168220,0.537933,1.769232,0.008380
-1.346627,-22.395164,-1.359607,17.154068,0.535581,1.770281,0.008966
-1.367314,-22.486575,-1.396062,17.141535,0.534111,1.771483,0.009331
-1.371267,-22.559349,-1.411676,17.130722,0.533611,1.772826,0.009460
-1.357781,-22.613882,-1.406108,17.121768,0.534168,1.774309,0.009335
-1.326025,-22.650453,-1.378838,17.114813,0.535869,1.775942,0.008941
-1.275013,-22.669387,-1.329127,17.109992,0.538801,1.777750,0.008259
-1.203586,-22.670875,-1.255991,17.107440,0.543052,1.779766,0.007271
-1.110394,-22.654985,-1.158186,17.107232,0.548708,1.782034,0.005957
-0.993906,-22.621731,-1.034228,17.109425,0.555858,1.784608,0.004296
-0.852436,-22.571211,-0.882419,17.114064,0.564589,1.787548,0.002265
-0.684171,-22.503413,-0.700899,17.121117,0.574993,1.790920,-0.000158
-0.487234,-22.418381,-0.487738,17.130518,0.587165,1.794792,-0.002997
-0.259764,-22.316483,-0.241031,17.142163,0.601200,1.799229,-0.006276
0.000000,-22.198232,0.040972,17.155858,0.617208,1.804286,-0.010020
0.000000,-22.198232,0.040972,17.155858,0.617208,1.804286,-0.010020
0.009065,-22.099436,0.049673,17.113054,0.616602,1.801387,-0.010041
0.017767,-22.005225,0.058017,17.072103,0.616024,1.798604,-0.010063
0.026115,-21.916211,0.066010,17.033123,0.615477,1.795933,-0.010083
0.034128,-21.832843,0.073663,16.996196,0.614963,1.793370,-0.010104
0.041825,-21.755672,0.080986,16.961409,0.614484,1.790910,-0.010124
0.049227,-21.685080,0.087999,16.928834,0.614042,1.788550,-0.010145
0.056361,-21.621536,0.094718,16.898539,0.613639,1.786283,-0.010166
0.063252,-21.565500,0.101164,16.870610,0.613277,1.784106,-0.010187
0.069928,-21.517290,0.107358,16.845087,0.612956,1.782012,-0.010209
0.076415,-21.477266,0.113319,16.822020,0.612679,1.779998,-0.010231
0.082745,-21.445847,0.119070,16.801482,0.612445,1.778058,-0.010255
0.088947,-21.423297,0.124630,16.783494,0.612256,1.776187,-0.010279
0.095047,-21.409910,0.130017,16.768100,0.612111,1.774379,-0.010304
0.101074,-21.406003,0.135247,16.755338,0.612012,1.772631,-0.010329
0.107054,-21.411741,0.140334,16.745217,0.611957,1.770937,-0.010356
0.113014,-21.427390,0.145289,16.737762,0.611946,1.769293,-0.010384
0.118976,-21.453199,0.150116,16.733004,0.611980,1.767695,-0.010413
0.124966,-21.489277,0.154828,16.730934,0.612055,1.766138,-0.010443
0.131005,-21.535818,0.159418,16.731564,0.612173,1.764619,-0.010474
0.137110,-21.592921,0.163886,16.734877,0.612330,1.763134,-0.010506
0.143299,-21.660751,0.168221,16.740889,0.612525,1.761679,-0.010539
0.149586,-21.739399,0.172408,16.749578,0.612756,1.760252,-0.010573
0.155986,-21.828887,0.176437,16.760918,0.613021,1.758850,-0.010608
0.162508,-21.929282,0.180279,16.774891,0.613317,1.757471,-0.010643
0.169161,-22.040635,0.183911,16.791474,0.613640,1.756111,-0.010680
0.175948,-22.162963,0.187296,16.810636,0.613988,1.754769,-0.010717
0.182874,-22.296182,0.190402,16.832317,0.614357,1.753445,-0.010754
0.189938,-22.440313,0.193185,16.856493,0.614744,1.752135,-0.010792
0.197137,-22.595305,0.195598,16.883108,0.615143,1.750840,-0.010830
0.204467,-22.761051,0.197590,16.912110,0.615552,1.749559,-0.010869
0.211918,-22.937501,0.199105,16.943447,0.615966,1.748290,-0.010907
0.219480,-23.124481,0.200085,16.977038,0.616379,1.747036,-0.010945
0.227138,-23.321894,0.200463,17.012821,0.616788,1.745794,-0.010983
0.234876,-23.529617,0.200171,17.050736,0.617188,1.744566,-0.011021
0.242675,-23.747418,0.199141,17.090686,0.617573,1.743354,-0.011057
0.250514,-23.975161,0.197298,17.132606,0.617940,1.742156,-0.011093
0.258366,-24.212571,0.194564,17.176387,0.618281,1.740975,-0.011128
0.266201,-24.459505,0.190857,17.221964,0.618593,1.739813,-0.011161
0.273996,-24.715725,0.186098,17.269240,0.618872,1.738670,-0.011193
0.281713,-24.980912,0.180204,17.318104,0.619111,1.737549,-0.011224
0.289320,-25.254820,0.173090,17.368455,0.619305,1.736452,-0.011252
0.296781,-25.537179,0.164673,17.420201,0.619451,1.735381,-0.011278
0.304053,-25.827681,0.154861,17.473222,0.619544,1.734338,-0.011302
0.311100,-26.126015,0.143576,17.527416,0.619579,1.733326,-0.011324
0.317879,-26.431811,0.130731,17.582665,0.619551,1.732347,-0.011342
0.324346,-26.744799,0.116242,17.638856,0.619459,1.731404,-0.011358
0.330460,-27.064605,0.100029,17.695869,0.619297,1.730499,-0.011371
0.336172,-27.390832,0.082014,17.753587,0.619062,1.729636,-0.011380
0.341439,-27.723129,0.062117,17.811887,0.618752,1.728817,-0.011386
0.346216,-28.061120,0.040269,17.870647,0.618364,1.728045,-0.011388
0.350455,-28.404388,0.016397,17.929739,0.617895,1.727323,-0.011386
0.354115,-28.752591,-0.009568,17.989053,0.617344,1.726652,-0.011381
0.357150,-29.105247,-0.037677,18.048451,0.616710,1.726037,-0.011371
0.359519,-29.461981,-0.067990,18.107818,0.615992,1.725478,-0.011357
0.361179,-29.822369,-0.100560,18.167021,0.615188,1.724980,-0.011338
0.362092,-30.185973,-0.135429,18.225942,0.614300,1.724543,-0.011315
0.362220,-30.552420,-0.172643,18.284466,0.613326,1.724170,-0.011287
0.361530,-30.921236,-0.212223,18.342464,0.612269,1.723863,-0.011255
0.359993,-31.291980,-0.254202,18.399816,0.611129,1.723624,-0.011218
0.357575,-31.664237,-0.298589,18.456411,0.609908,1.723454,-0.011176
0.354257,-32.037600,-0.345411,18.512135,0.608607,1.723353,-0.011129
0.350014,-32.411623,-0.394659,18.566876,0.607230,1.723324,-0.011078
0.344834,-32.785860,-0.446323,18.620521,0.605780,1.723367,-0.011022
0.338703,-33.159934,-0.500409,18.672973,0.604259,1.723483,-0.010960
0.331612,-33.533385,-0.556881,18.724126,0.602671,1.723671,-0.010895
0.323559,-33.905823,-0.615723,18.773886,0.601020,1.723931,-0.010824
0.314547,-34.276834,-0.676893,18.822159,0.599310,1.724264,-0.010749
0.304578,-34.646016,-0.740350,18.868858,0.597546,1.724668,-0.010670
0.293669,-35.013007,-0.806042,18.913903,0.595732,1.725142,-0.010586
0.281832,-35.377395,-0.873909,18.957215,0.593873,1.725684,-0.010497
0.269092,-35.738813,-0.943892,18.998721,0.591974,1.726295,-0.010405
0.255473,-36.096923,-1.015914,19.038355,0.590040,1.726970,-0.010308
0.241006,-36.451364,-1.089885,19.076060,0.588076,1.727709,-0.010208
0.225726,-36.801821,-1.165739,19.111778,0.586089,1.728508,-0.010104
0.209676,-37.147920,-1.243365,19.145461,0.584082,1.729365,-0.009996
0.192894,-37.489413,-1.322677,19.177069,0.582062,1.730276,-0.009886
0.175431,-37.825955,-1.403552,19.206565,0.580033,1.731239,-0.009772
0.157339,-38.157285,-1.485902,19.233918,0.578001,1.732249,-0.009655
0.138673,-38.483125,-1.569600,19.259110,0.575972,1.733305,-0.009535
0.119485,-38.803245,-1.654525,19.282120,0.573949,1.734399,-0.009413
0.099844,-39.117409,-1.740558,19.302938,0.571937,1.735530,-0.009289
0.079802,-39.425376,-1.827573,19.321564,0.569942,1.736693,-0.009163
0.059431,-39.726966,-1.915441,19.338000,0.567967,1.737883,-0.009035
0.038790,-40.021981,-2.004032,19.352253,0.566016,1.739096,-0.008905
0.017948,-40.310250,-2.093197,19.364336,0.564095,1.740326,-0.008774
-0.003028,-40.591631,-2.182825,19.374274,0.562205,1.741570,-0.008642
-0.024073,-40.865959,-2.272751,19.382094,0.560350,1.742823,-0.008509
-0.045120,-41.133137,-2.362864,19.387825,0.558534,1.744081,-0.008375
-0.066106,-41.393042,-2.453025,19.391503,0.556758,1.745336,-0.008240
-0.086962,-41.645581,-2.543065,19.393179,0.555025,1.746587,-0.008106
-0.107625,-41.890683,-2.632885,19.392891,0.553338,1.747828,-0.007971
-0.128039,-42.128302,-2.722328,19.390696,0.551698,1.749053,-0.007836
-0.148140,-42.358377,-2.811277,19.386648,0.550106,1.750259,-0.007702
-0.167870,-42.580853,-2.899578,19.380811,0.548562,1.751441,-0.007568
-0.187179,-42.795741,-2.987119,19.373246,0.547069,1.752596,-0.007435
-0.206010,-43.003015,-3.073764,19.364017,0.545626,1.753717,-0.007303
-0.224320,-43.202688,-3.159400,19.353198,0.544233,1.754801,-0.007171
-0.242057,-43.394790,-3.243916,19.340855,0.542890,1.755845,-0.007041
-0.259184,-43.579318,-3.327165,19.327073,0.541596,1.756844,-0.006912
-0.275655,-43.756327,-3.409047,19.311920,0.540351,1.757795,-0.006784
-0.291440,-43.925852,-3.489472,19.295472,0.539153,1.758693,-0.006658
-0.306501,-44.087958,-3.568310,19.277812,0.538002,1.759537,-0.006534
-0.320813,-44.242722,-3.645482,19.259017,0.536895,1.760322,-0.006411
-0.334347,-44.390189,-3.720877,19.239165,0.535831,1.761045,-0.006290
-0.347081,-44.530425,-3.794420,19.218337,0.534808,1.761704,-0.006171
-0.358990,-44.663556,-3.865999,19.196610,0.533823,1.762296,-0.006054
-0.370064,-44.789648,-3.935563,19.174061,0.532876,1.762817,-0.005939
-0.380279,-44.908785,-4.003000,19.150765,0.531961,1.763265,-0.005826
-0.389628,-45.021068,-4.068283,19.126798,0.531080,1.763639,-0.005715
-0.398103,-45.126591,-4.131316,19.102228,0.530225,1.763936,-0.005607
-0.405688,-45.225472,-4.192045,19.077123,0.529398,1.764152,-0.005501
-0.412384,-45.317791,-4.250405,19.051561,0.528593,1.764288,-0.005397
-0.418183,-45.403647,-4.306348,19.025601,0.527810,1.764340,-0.005296
-0.423081,-45.483162,-4.359847,18.999293,0.527043,1.764306,-0.005197
-0.427077,-45.556430,-4.410823,18.972707,0.526290,1.764186,-0.005100
-0.430171,-45.623555,-4.459268,18.945883,0.525549,1.763976,-0.005006
-0.432361,-45.684619,-4.505141,18.918880,0.524816,1.763675,-0.004914
-0.433646,-45.739729,-4.548405,18.891739,0.524090,1.763282,-0.004824
-0.434025,-45.788985,-4.589056,18.864489,0.523365,1.762793,-0.004737
-0.433500,-45.832472,-4.627048,18.837182,0.522640,1.762209,-0.004653
-0.432073,-45.870289,-4.662389,18.809836,0.521911,1.761527,-0.004570
-0.429739,-45.902505,-4.695057,18.782478,0.521177,1.760744,-0.004490
-0.426501,-45.929206,-4.725057,18.755128,0.520434,1.759861,-0.004412
-0.422355,-45.950485,-4.752370,18.727790,0.519678,1.758873,-0.004337
-0.417298,-45.966397,-4.777012,18.700483,0.518909,1.757779,-0.004263
-0.411328,-45.977020,-4.798981,18.673209,0.518122,1.756579,-0.004192
-0.404441,-45.982415,-4.818310,18.645953,0.517317,1.755269,-0.004123
-0.396634,-45.982662,-4.834986,18.618712,0.516489,1.753846,-0.004055
-0.387894,-45.977800,-4.849034,18.591473,0.515637,1.752311,-0.003990
-0.378220,-45.967885,-4.860498,18.564213,0.514758,1.750658,-0.003926
-0.367600,-45.952983,-4.869386,18.536899,0.513851,1.748887,-0.003864
-0.356026,-45.933130,-4.875758,18.509500,0.512913,1.746994,-0.003804
-0.343490,-45.908392,-4.879610,18.481977,0.511941,1.744977,-0.003745
-0.329975,-45.878793,-4.881015,18.454295,0.510935,1.742835,-0.003688
-0.315471,-45.844380,-4.880012,18.426393,0.509891,1.740562,-0.003632
-0.299964,-45.805209,-4.876658,18.398208,0.508807,1.738158,-0.003577
-0.283441,-45.761299,-4.870999,18.369691,0.507682,1.735619,-0.003523
-0.265885,-45.712710,-4.863095,18.340772,0.506514,1.732941,-0.003469
-0.247283,-45.659470,-4.853027,18.311373,0.505301,1.730123,-0.003417
-0.227621,-45.601621,-4.840850,18.281428,0.504040,1.727161,-0.003365
-0.206874,-45.539217,-4.826633,18.250838,0.502729,1.724051,-0.003313
-0.185032,-45.472307,-4.810482,18.219517,0.501367,1.720789,-0.003261
-0.162076,-45.400929,-4.792458,18.187384,0.499951,1.717373,-0.003209
-0.137990,-45.325136,-4.772656,18.154329,0.498478,1.713799,-0.003156
-0.112757,-45.245003,-4.751188,18.120245,0.496947,1.710063,-0.003103
-0.086357,-45.160565,-4.728142,18.085035,0.495355,1.706163,-0.003049
-0.058777,-45.071913,-4.703640,18.048577,0.493698,1.702092,-0.002993
-0.029996,-44.979109,-4.677757,18.010765,0.491974,1.697848,-0.002936
-0.000000,-44.882240,-4.650659,17.971457,0.490180,1.693427,-0.002876
-0.000000,-44.882240,-4.650659,17.971457,0.490180,1.693427,-0.002876
-0.403131,-44.911461,-4.889997,17.934617,0.497257,1.695448,-0.003529
-0.781565,-44.938664,-5.114786,17.899987,0.503907,1.697353,-0.004142
-1.135775,-44.963696,-5.325419,17.867445,0.510144,1.699150,-0.004713
-1.466210,-44.986404,-5.522243,17.836884,0.515983,1.700843,-0.005242
-1.773312,-45.006691,-5.705668,17.808140,0.521438,1.702436,-0.005727
-2.057513,-45.024425,-5.876030,17.781071,0.526520,1.703927,-0.006168
-2.319234,-45.039544,-6.033690,17.755519,0.531243,1.705317,-0.006562
-2.558901,-45.051962,-6.178999,17.731328,0.535620,1.706603,-0.006907
-2.776937,-45.061631,-6.312284,17.708345,0.539661,1.707782,-0.007203
-2.973770,-45.068499,-6.433883,17.686417,0.543379,1.708852,-0.007447
-3.149838,-45.072530,-6.544135,17.665400,0.546786,1.709810,-0.007639
-3.305576,-45.073669,-6.643342,17.645158,0.549892,1.710652,-0.007778
-3.441438,-45.071909,-6.731830,17.625562,0.552708,1.711375,-0.007863
-3.557884,-45.067214,-6.809898,17.606505,0.555246,1.711977,-0.007895
-3.655390,-45.059567,-6.877881,17.587865,0.557516,1.712455,-0.007874
-3.734433,-45.048949,-6.936057,17.569568,0.559530,1.712810,-0.007802
-3.795519,-45.035352,-6.984721,17.551533,0.561296,1.713038,-0.007680
-3.839152,-45.018770,-7.024182,17.533691,0.562827,1.713140,-0.007511
-3.865853,-44.999163,-7.054732,17.515987,0.564133,1.713116,-0.007296
-3.876167,-44.976564,-7.076652,17.498389,0.565223,1.712968,-0.007040
-3.870634,-44.950936,-7.090217,17.480869,0.566108,1.712696,-0.006747
-3.849816,-44.922271,-7.095726,17.463413,0.566798,1.712303,-0.006419
-3.814290,-44.890577,-7.093441,17.446036,0.567301,1.711792,-0.006063
-3.764641,-44.855830,-7.083669,17.428729,0.567629,1.711165,-0.005683
-3.701461,-44.818049,-7.066651,17.411519,0.567789,1.710426,-0.005283
-3.625359,-44.777207,-7.042698,17.394456,0.567792,1.709581,-0.004871
-3.536950,-44.733314,-7.012066,17.377559,0.567644,1.708631,-0.004451
-3.436856,-44.686362,-6.975039,17.360907,0.567355,1.707584,-0.004028
-3.325715,-44.636362,-6.931894,17.344540,0.566933,1.706443,-0.003609
-3.204156,-44.583295,-6.882910,17.328531,0.566385,1.705214,-0.003199
-3.072832,-44.527191,-6.828348,17.312960,0.565719,1.703903,-0.002802
-2.932387,-44.468045,-6.768496,17.297908,0.564941,1.702516,-0.002424
-2.783473,-44.405875,-6.703631,17.283438,0.564057,1.701056,-0.002068
-2.626741,-44.340681,-6.634065,17.269635,0.563076,1.699529,-0.001738
-2.462849,-44.272499,-6.560035,17.256608,0.562000,1.697944,-0.001437
-2.292450,-44.201340,-6.481852,17.244434,0.560838,1.696304,-0.001167
-2.116195,-44.127255,-6.399805,17.233189,0.559593,1.694616,-0.000930
-1.934733,-44.050268,-6.314173,17.222970,0.558271,1.692885,-0.000726
-1.748707,-43.970420,-6.225263,17.213850,0.556876,1.691117,-0.000554
-1.558756,-43.887766,-6.133372,17.205903,0.555414,1.689318,-0.000414
-1.365515,-43.802374,-6.038770,17.199226,0.553889,1.687495,-0.000304
-1.169599,-43.714310,-5.941769,17.193852,0.552304,1.685652,-0.000220
-0.971631,-43.623656,-5.842659,17.189877,0.550664,1.683799,-0.000159
-0.772205,-43.530489,-5.741761,17.187338,0.548975,1.681939,-0.000116
-0.571915,-43.434918,-5.639355,17.186272,0.547239,1.680078,-0.000087
-0.371340,-43.337060,-5.535759,17.186729,0.545462,1.678225,-0.000065
-0.171044,-43.237022,-5.431247,17.188729,0.543648,1.676385,-0.000046
0.028426,-43.134953,-5.326159,17.192297,0.541803,1.674566,-0.000023
0.226535,-43.030999,-5.220757,17.197426,0.539931,1.672774,0.000010
0.422762,-42.925318,-5.115361,17.204120,0.538037,1.671014,0.000059
0.616610,-42.818078,-5.010261,17.212353,0.536128,1.669294,0.000130
0.807594,-42.709456,-4.905772,17.222108,0.534209,1.667622,0.000229
0.995243,-42.599652,-4.802153,17.233327,0.532286,1.666000,0.000360
1.179113,-42.488885,-4.699731,17.245970,0.530366,1.664436,0.000527
1.358768,-42.377357,-4.598771,17.259962,0.528455,1.662934,0.000734
1.533797,-42.265302,-4.499573,17.275241,0.526562,1.661502,0.000985
1.703793,-42.152969,-4.402403,17.291710,0.524692,1.660141,0.001280
1.868385,-42.040593,-4.307560,17.309252,0.522853,1.658854,0.001620
2.027200,-41.928427,-4.215311,17.327796,0.521055,1.657647,0.002007
2.179889,-41.816732,-4.125946,17.347184,0.519303,1.656520,0.002438
2.326120,-41.705786,-4.039707,17.367308,0.517608,1.655474,0.002913
2.465562,-41.595866,-3.956869,17.388026,0.515975,1.654510,0.003427
2.597910,-41.487241,-3.877707,17.409185,0.514416,1.653627,0.003978
2.722858,-41.380174,-3.802472,17.430645,0.512937,1.652825,0.004561
2.840120,-41.274968,-3.731426,17.452235,0.511547,1.652101,0.005171
2.949409,-41.171885,-3.664851,17.473786,0.510257,1.651451,0.005803
3.050449,-41.071217,-3.602956,17.495150,0.509073,1.650874,0.006450
3.142968,-40.973214,-3.546024,17.516161,0.508008,1.650366,0.007106
3.226696,-40.878153,-3.494308,17.536628,0.507067,1.649921,0.007764
3.301364,-40.786270,-3.448068,17.556389,0.506262,1.649535,0.008418
3.366703,-40.697847,-3.407548,17.575278,0.505601,1.649202,0.009060
3.422444,-40.613092,-3.372999,17.593134,0.505096,1.648918,0.009684
3.468302,-40.532247,-3.344689,17.609779,0.504756,1.648676,0.010283
3.504004,-40.455503,-3.322875,17.625085,0.504591,1.648474,0.010851
3.529255,-40.383085,-3.307812,17.638869,0.504612,1.648303,0.011381
3.543755,-40.315127,-3.299793,17.651016,0.504831,1.648161,0.011867
3.547197,-40.251824,-3.299057,17.661387,0.505258,1.648043,0.012304
3.539253,-40.193293,-3.305909,17.669840,0.505906,1.647944,0.012687
3.519584,-40.139670,-3.320615,17.676275,0.506787,1.647862,0.013012
3.487839,-40.091048,-3.343479,17.680589,0.507913,1.647795,0.013274
3.443646,-40.047463,-3.374781,17.682684,0.509298,1.647738,0.013470
3.386621,-40.009019,-3.414826,17.682487,0.510955,1.647693,0.013596
3.316354,-39.975704,-3.463917,17.679926,0.512898,1.647657,0.013651
3.232429,-39.947522,-3.522387,17.674943,0.515141,1.647632,0.013632
3.134399,-39.924458,-3.590557,17.667493,0.517700,1.647619,0.013538
3.021811,-39.906453,-3.668737,17.657560,0.520589,1.647620,0.013368
2.894185,-39.893435,-3.757291,17.645106,0.523824,1.647637,0.013121
2.751028,-39.885282,-3.856551,17.630130,0.527421,1.647674,0.012797
2.591834,-39.881894,-3.966884,17.612629,0.531397,1.647735,0.012397
2.416082,-39.883093,-4.088624,17.592606,0.535766,1.647824,0.011920
2.223237,-39.888709,-4.222148,17.570073,0.540547,1.647945,0.011369
2.012759,-39.898537,-4.367827,17.545047,0.545755,1.648102,0.010743
1.784101,-39.912374,-4.526021,17.517540,0.551406,1.648299,0.010044
1.536711,-39.929958,-4.697106,17.487569,0.557517,1.648541,0.009274
1.270048,-39.951061,-4.881467,17.455139,0.564103,1.648830,0.008434
0.983565,-39.975368,-5.079441,17.420257,0.571180,1.649166,0.007524
0.676732,-40.002617,-5.291443,17.382883,0.578761,1.649549,0.006545
0.349040,-40.032494,-5.517798,17.343014,0.586859,1.649976,0.005498
0.000000,-40.064702,-5.758868,17.300575,0.595487,1.650441,0.004383
0.000000,-40.064702,-5.758868,17.300575,0.595487,1.650441,0.004383
0.349040,-40.032494,-5.517798,17.343014,0.586859,1.649976,0.005498
0.676732,-40.002617,-5.291443,17.382883,0.578761,1.649549,0.006545
0.983565,-39.975368,-5.079441,17.420257,0.571180,1.649166,0.007524
1.270048,-39.951061,-4.881467,17.455139,0.564103,1.648830,0.008434
1.536711,-39.929958,-4.697106,17.487569,0.557517,1.648541,0.009274
1.784101,-39.912374,-4.526021,17.517540,0.551406,1.648299,0.010044
2.012759,-39.898537,-4.367827,17.545047,0.545755,1.648102,0.010743
2.223237,-39.888709,-4.222148,17.570073,0.540547,1.647945,0.011369
2.416082,-39.883093,-4.088624,17.592606,0.535766,1.647824,0.011920
2.591834,-39.881894,-3.966884,17.612629,0.531397,1.647735,0.012397
2.751028,-39.885282,-3.856551,17.630130,0.527421,1.647674,0.012797
2.894185,-39.893435,-3.757291,17.645106,0.523824,1.647637,0.013121
3.021811,-39.906453,-3.668737,17.657560,0.520589,1.647620,0.013368
3.134399,-39.924458,-3.590557,17.667493,0.517700,1.647619,0.013538
3.232429,-39.947522,-3.522387,17.674943,0.515141,1.647632,0.013632
3.316354,-39.975704,-3.463917,17.679926,0.512898,1.647657,0.013651
3.386621,-40.009019,-3.414826,17.682487,0.510955,1.647693,0.013596
3.443646,-40.047463,-3.374781,17.682684,0.509298,1.647738,0.013470
3.487839,-40.091048,-3.343479,17.680589,0.507913,1.647795,0.013274
3.519584,-40.139670,-3.320615,17.676275,0.506787,1.647862,0.013012
3.539253,-40.193293,-3.305909,17.669840,0.505906,1.647944,0.012687
3.547197,-40.251824,-3.299057,17.661387,0.505258,1.648043,0.012304
3.543755,-40.315127,-3.299793,17.651016,0.504831,1.648161,0.011867
3.529255,-40.383085,-3.307812,17.638869,0.504612,1.648303,0.011381
3.504004,-40.455503,-3.322875,17.625085,0.504591,1.648474,0.010851
3.468302,-40.532247,-3.344689,17.609779,0.504756,1.648676,0.010283
3.422444,-40.613092,-3.372999,17.593134,0.505096,1.648918,0.009684
3.366703,-40.697847,-3.407548,17.575278,0.505601,1.649202,0.009060
3.301364,-40.786270,-3.448068,17.556389,0.506262,1.649535,0.008418
3.226696,-40.878153,-3.494308,17.536628,0.507067,1.649921,0.007764
3.142968,-40.973214,-3.546024,17.516161,0.508008,1.650366,0.007106
3.050449,-41.071217,-3.602956,17.495150,0.509073,1.650874,0.006450
2.949409,-41.171885,-3.664851,17.473786,0.510257,1.651451,0.005803
2.840120,-41.274968,-3.731426,17.452235,0.511547,1.652101,0.005171
2.722858,-41.380174,-3.802472,17.430645,0.512937,1.652825,0.004561
2.597910,-41.487241,-3.877707,17.409185,0.514416,1.653627,0.003978
2.465562,-41.595866,-3.956869,17.388026,0.515975,1.654510,0.003427
2.326120,-41.705786,-4.039707,17.367308,0.517608,1.655474,0.002913
2.179889,-41.816732,-4.125946,17.347184,0.519303,1.656520,0.002438
2.027200,-41.928427,-4.215311,17.327796,0.521055,1.657647,0.002007
1.868385,-42.040593,-4.307560,17.309252,0.522853,1.658854,0.001620
1.703793,-42.152969,-4.402403,17.291710,0.524692,1.660141,0.001280
1.533797,-42.265302,-4.499573,17.275241,0.526562,1.661502,0.000985
1.358768,-42.377357,-4.598771,17.259962,0.528455,1.662934,0.000734
1.179113,-42.488885,-4.699731,17.245970,0.530366,1.664436,0.000527
0.995243,-42.599652,-4.802153,17.233327,0.532286,1.666000,0.000360
0.807594,-42.709456,-4.905772,17.222108,0.534209,1.667622,0.000229
0.616610,-42.818078,-5.010261,17.212353,0.536128,1.669294,0.000130
0.422762,-42.925318,-5.115361,17.204120,0.538037,1.671014,0.000059
0.226535,-43.030999,-5.220757,17.197426,0.539931,1.672774,0.000010
0.028426,-43.134953,-5.326159,17.192297,0.541803,1.674566,-0.000023
-0.171044,-43.237022,-5.431247,17.188729,0.543648,1.676385,-0.000046
-0.371340,-43.337060,-5.535759,17.186729,0.545462,1.678225,-0.000065
-0.571915,-43.434918,-5.639355,17.186272,0.547239,1.680078,-0.000087
-0.772205,-43.530489,-5.741761,17.187338,0.548975,1.681939,-0.000116
-0.971631,-43.623656,-5.842659,17.189877,0.550664,1.683799,-0.000159
-1.169599,-43.714310,-5.941769,17.193852,0.552304,1.685652,-0.000220
-1.365515,-43.802374,-6.038770,17.199226,0.553889,1.687495,-0.000304
-1.558756,-43.887766,-6.133372,17.205903,0.555414,1.689318,-0.000414
-1.748707,-43.970420,-6.225263,17.213850,0.556876,1.691117,-0.000554
-1.934733,-44.050268,-6.314173,17.222970,0.558271,1.692885,-0.000726
-2.116195,-44.127255,-6.399805,17.233189,0.559593,1.694616,-0.000930
-2.292450,-44.201340,-6.481852,17.244434,0.560838,1.696304,-0.001167
-2.462849,-44.272499,-6.560035,17.256608,0.562000,1.697944,-0.001437
-2.626741,-44.340681,-6.634065,17.269635,0.563076,1.699529,-0.001738
-2.783473,-44.405875,-6.703631,17.283438,0.564057,1.701056,-0.002068
-2.932387,-44.468045,-6.768496,17.297908,0.564941,1.702516,-0.002424
-3.072832,-44.527191,-6.828348,17.312960,0.565719,1.703903,-0.002802
-3.204156,-44.583295,-6.882910,17.328531,0.566385,1.705214,-0.003199
-3.325715,-44.636362,-6.931894,17.344540,0.566933,1.706443,-0.003609
-3.436856,-44.686362,-6.975039,17.360907,0.567355,1.707584,-0.004028
-3.536950,-44.733314,-7.012066,17.377559,0.567644,1.708631,-0.004451
-3.625359,-44.777207,-7.042698,17.394456,0.567792,1.709581,-0.004871
-3.701461,-44.818049,-7.066651,17.411519,0.567789,1.710426,-0.005283
-3.764641,-44.855830,-7.083669,17.428729,0.567629,1.711165,-0.005683
-3.814290,-44.890577,-7.093441,17.446036,0.567301,1.711792,-0.006063
-3.849816,-44.922271,-7.095726,17.463413,0.566798,1.712303,-0.006419
-3.870634,-44.950936,-7.090217,17.480869,0.566108,1.712696,-0.006747
-3.876167,-44.976564,-7.076652,17.498389,0.565223,1.712968,-0.007040
-3.865853,-44.999163,-7.054732,17.515987,0.564133,1.713116,-0.007296
-3.839152,-45.018770,-7.024182,17.533691,0.562827,1.713140,-0.007511
-3.795519,-45.035352,-6.984721,17.551533,0.561296,1.713038,-0.007680
-3.734433,-45.048949,-6.936057,17.569568,0.559530,1.712810,-0.007802
-3.655390,-45.059567,-6.877881,17.587865,0.557516,1.712455,-0.007874
-3.557884,-45.067214,-6.809898,17.606505,0.555246,1.711977,-0.007895
-3.441438,-45.071909,-6.731830,17.625562,0.552708,1.711375,-0.007863
-3.305576,-45.073669,-6.643342,17.645158,0.549892,1.710652,-0.007778
-3.149838,-45.072530,-6.544135,17.665400,0.546786,1.709810,-0.007639
-2.973770,-45.068499,-6.433883,17.686417,0.543379,1.708852,-0.007447
-2.776937,-45.061631,-6.312284,17.708345,0.539661,1.707782,-0.007203
-2.558901,-45.051962,-6.178999,17.731328,0.535620,1.706603,-0.006907
-2.319234,-45.039544,-6.033690,17.755519,0.531243,1.705317,-0.006562
-2.057513,-45.024425,-5.876030,17.781071,0.526520,1.703927,-0.006168
-1.773312,-45.006691,-5.705668,17.808140,0.521438,1.702436,-0.005727
-1.466210,-44.986404,-5.522243,17.836884,0.515983,1.700843,-0.005242
-1.135775,-44.963696,-5.325419,17.867445,0.510144,1.699150,-0.004713
-0.781565,-44.938664,-5.114786,17.899987,0.503907,1.697353,-0.004142
-0.403131,-44.911461,-4.889997,17.934617,0.497257,1.695448,-0.003529
-0.000000,-44.882240,-4.650659,17.971457,0.490180,1.693427,-0.002876
