2.000000 0.000000 0.100000 0.200000 0.300000 0.400000 0.500000 0.600000 0.700000 0.800000 0.900000 1.000000 1.100000 1.200000 1.300000 1.400000 1.500000 1.600000 1.700000 1.800000 1.900000 2.000000 2.100000 2.200000 2.300000 2.400000 2.500000 2.600000 2.700000 2.800000 2.900000 3.000000 
-0.573129 0.000000 0.000000 0.187783 -0.084664 0.010598 
1.549532 0.000000 0.000000 -0.367874 0.188521 -0.025218 
-1.569202 0.000000 0.000000 -0.217353 0.114518 -0.015516 
0.069813 0.000000 0.000000 -0.229443 0.120462 -0.016295 
1.570796 0.000000 0.000000 -0.112155 0.064330 -0.009036 
1.545644 0.000000 0.000000 -0.408878 0.210212 -0.028162 
2.638295 0.000000 0.000000 -0.020976 0.019503 -0.003159 
3.000000 0.000000 0.100000 0.200000 0.300000 0.400000 0.500000 0.600000 0.700000 0.800000 0.900000 1.000000 1.100000 1.200000 1.300000 1.400000 1.500000 1.600000 1.700000 1.800000 1.900000 2.000000 2.100000 2.200000 2.300000 2.400000 2.500000 2.600000 2.700000 2.800000 2.900000 3.000000 
0.225620 0.217500 0.000000 0.048762 -0.024267 0.003220 
0.770190 0.217500 0.000000 -0.153756 0.076519 -0.010155 
-1.921058 0.217500 0.000000 -0.362080 0.180194 -0.023913 
-0.316380 0.217500 0.000000 -0.507532 0.252579 -0.033520 
1.570796 0.261000 0.000000 -0.395598 0.196874 -0.026127 
0.702935 0.261000 0.000000 -0.269519 0.134130 -0.017800 
2.897247 0.261000 0.000000 -0.334060 0.166249 -0.022063 
4.000000 0.000000 0.100000 0.200000 0.300000 0.400000 0.500000 0.600000 0.700000 0.800000 0.900000 1.000000 1.100000 1.200000 1.300000 1.400000 1.500000 1.600000 1.700000 1.800000 1.900000 2.000000 2.100000 2.200000 2.300000 2.400000 2.500000 2.600000 
1.014707 0.217500 0.000000 -0.121078 0.069356 -0.010594 
1.004736 0.217500 0.000000 -0.006161 0.003529 -0.000539 
-2.256952 0.217500 0.000000 0.064603 -0.037006 0.005653 
-1.050553 0.217500 0.000000 -0.611624 0.350350 -0.053517 
1.274238 0.261000 0.000000 -0.215467 0.123424 -0.018853 
0.751608 0.261000 0.000000 0.076416 -0.043773 0.006686 
2.769192 0.261000 0.000000 -0.309307 0.177177 -0.027064 
5.000000 0.000000 0.100000 0.200000 0.300000 0.400000 0.500000 0.600000 0.700000 0.800000 0.900000 1.000000 1.100000 1.200000 1.300000 1.400000 1.500000 1.600000 1.700000 1.800000 1.900000 2.000000 2.100000 2.200000 2.300000 2.400000 2.500000 2.600000 2.700000 2.800000 2.900000 3.000000 3.100000 3.200000 3.300000 3.400000 3.500000 3.600000 3.700000 3.800000 3.900000 
1.366845 0.217500 0.000000 -0.303062 0.114310 -0.011498 
1.563225 0.217500 0.000000 -0.145214 0.054772 -0.005509 
-1.571397 0.217500 0.000000 -0.139168 0.052492 -0.005280 
-1.579264 0.217500 0.000000 -0.131239 0.049501 -0.004979 
1.570796 0.261000 0.000000 -0.173865 0.065579 -0.006596 
1.572287 0.261000 0.000000 -0.167278 0.063095 -0.006346 
2.897247 0.261000 0.000000 -0.319309 0.120438 -0.012114 
6.000000 0.000000 0.100000 0.200000 0.300000 0.400000 0.500000 0.600000 0.700000 0.800000 0.900000 1.000000 1.100000 1.200000 1.300000 1.400000 1.500000 1.600000 1.700000 1.800000 1.900000 2.000000 2.100000 2.200000 2.300000 2.400000 2.500000 2.600000 2.700000 2.800000 2.900000 3.000000 3.100000 3.200000 3.300000 3.400000 3.500000 3.600000 3.700000 3.800000 3.900000 
0.325712 0.217500 0.000000 0.083021 -0.034772 0.003671 
1.514872 0.217500 0.000000 -0.074827 0.024766 -0.002317 
-1.581727 0.217500 0.000000 -0.080873 0.027046 -0.002546 
-1.539728 0.217500 0.000000 -0.088802 0.030036 -0.002847 
1.515234 0.261000 0.000000 -0.090184 0.029866 -0.002795 
1.558151 0.261000 0.000000 -0.096771 0.032351 -0.003045 
1.926920 0.261000 0.000000 0.055260 -0.024993 0.002723 
2.000000 0.000000 
1.866704 0.000000 0.000000 86211893.306601 -832844718606.397827 2233764569403532.750000 
-0.225843 0.000000 0.000000 -29888855.739935 390193190267.935425 -1201922082239909.000000 
0.429716 0.000000 0.000000 -153926705.875040 1696842751931.845459 -4872485704847717.000000 
-1.862109 0.000000 0.000000 -43625761.561274 534901615563.278442 -1608428537649082.250000 
0.093767 0.000000 0.000000 -79580042.801132 928721232802.603149 -2735886434942710.000000 
1.655823 0.000000 0.000000 -48803275.453097 604510118848.762573 -1825131511940472.250000 
0.707977 0.000000 0.000000 -28249950.139672 387995615555.851685 -1216911616667302.250000 
3.000000 0.000000 
1.866741 0.217500 0.000000 21868210.967123 -230468873614.089417 647709155355567.375000 
-0.225840 0.217500 0.000000 -94588234.361078 996864529207.130493 -2801585620181566.500000 
0.429684 0.217500 0.000000 -218682483.006953 2304692670722.636230 -6477102611294521.000000 
-1.862110 0.217500 0.000000 -108341293.138635 1141807888770.344238 -3208934081276957.500000 
0.093759 0.261000 0.000000 -156893096.524134 1653494896683.860352 -4646977989353835.000000 
1.655823 0.261000 0.000000 -126144724.175593 1329438084204.371582 -3736249520876279.000000 
0.707984 0.261000 0.000000 -105801747.435421 1115043640035.443604 -3133715902483598.000000 
4.000000 0.000000 
1.866778 0.217500 0.000000 21899039.378583 -230956395848.586395 649536640838977.625000 
-0.225836 0.217500 0.000000 -95140527.451739 1003391652917.761963 -2821916411049941.500000 
0.429651 0.217500 0.000000 -219319286.292422 2313032595928.443359 -6505121527335338.000000 
-1.862110 0.217500 0.000000 -108920356.638493 1148719474351.534912 -3230633150015789.000000 
0.093751 0.261000 0.000000 -157009728.395197 1655890030445.120850 -4656988363635566.000000 
1.655824 0.261000 0.000000 -126310426.420683 1332122397695.199951 -3746431460389457.000000 
0.707990 0.261000 0.000000 -106319783.729797 1121292748651.346680 -3153498835484004.500000 
5.000000 0.000000 
1.866816 0.217500 0.000000 21941178.591012 -231623342978.832520 652038786827570.125000 
-0.225832 0.217500 0.000000 -95910277.334999 1012482486763.925171 -2850221587614522.500000 
0.429619 0.217500 0.000000 -220201522.673992 2324570332410.125000 -6543856935777740.000000 
-1.862110 0.217500 0.000000 -109727539.504610 1158345227968.319580 -3260837217261785.500000 
0.093743 0.261000 0.000000 -157165690.952007 1659128865337.884766 -4670584400659400.000000 
1.655825 0.261000 0.000000 -126536347.497734 1335788398703.536621 -3760354356981169.500000 
0.707997 0.261000 0.000000 -107041100.457927 1129985676081.875000 -3181002743027896.500000 
6.000000 0.000000 
1.866853 0.217500 0.000000 21994678.245740 -232471017560.538055 655222424283154.500000 
-0.225829 0.217500 0.000000 -96899691.040694 1024173644453.959595 -2886646022579072.500000 
0.429587 0.217500 0.000000 -221331245.082142 2339343144160.403320 -6593467444808686.000000 
-1.862111 0.217500 0.000000 -110765126.634066 1170723272745.771484 -3299697953674745.000000 
0.093735 0.261000 0.000000 -157360863.090499 1663213235407.880371 -4687786975079553.000000 
1.655826 0.261000 0.000000 -126822711.460919 1340442649522.106689 -3778054106050848.000000 
0.708003 0.261000 0.000000 -107967680.558344 1141155887011.464355 -3216361913062703.000000 
7.000000 0.000000 
1.866890 0.217500 0.000000 22059613.993490 -233501276944.273773 659097012917783.500000 
-0.225826 0.217500 0.000000 -98111873.752008 1038515352591.862183 -2931385968077210.500000 
0.429555 0.217500 0.000000 -222711383.368996 2357402646394.162598 -6654169359654857.000000 
-1.862112 0.217500 0.000000 -112036333.980194 1185905930006.344727 -3347420906204323.500000 
0.093727 0.261000 0.000000 -157595115.951559 1668146179970.789307 -4708625917242209.000000 
1.655826 0.261000 0.000000 -127169869.151014 1346094580093.807129 -3799580578124129.000000 
0.708009 0.261000 0.000000 -109102325.446317 1154849414718.821777 -3259758617048932.500000 
8.000000 0.000000 
1.866927 0.217500 0.000000 22136087.911574 -234716544666.772095 663674708441480.750000 
-0.225823 0.217500 0.000000 -99550846.492536 1055571824647.603760 -2984690848941315.500000 
0.429522 0.217500 0.000000 -224345761.456439 2378815179540.292969 -6726238548539229.000000 
-1.862113 0.217500 0.000000 -113545326.810063 1203960107060.397705 -3404267364973697.000000 
0.093719 0.261000 0.000000 -157868312.327964 1673931949042.355957 -4733140136366525.000000 
1.655827 0.261000 0.000000 -127578300.264093 1352756545423.306641 -3824997965740820.000000 
0.708015 0.261000 0.000000 -110448670.972136 1171125201398.486816 -3311424755720012.500000 
9.000000 0.000000 
1.866964 0.217500 0.000000 22224228.696544 -236119819766.954102 668970429201875.625000 
-0.225820 0.217500 0.000000 -101221569.088393 1075421737960.982788 -3046865537703889.000000 
0.429489 0.217500 0.000000 -226239116.066469 2403662239047.992188 -6810012650777570.000000 
-1.862114 0.217500 0.000000 -115297243.523635 1224967792230.324951 -3470556730627669.500000 
0.093711 0.261000 0.000000 -158180302.721253 1680575964151.792480 -4761377613936011.000000 
1.655828 0.261000 0.000000 -128048613.554427 1360443863619.046387 -3854385100956540.500000 
0.708021 0.261000 0.000000 -112011207.862817 1190055527846.510254 -3371643930709809.000000 
10.000000 0.000000 
1.867001 0.217500 0.000000 22324192.306369 -237714694784.734039 675001963085323.375000 
-0.225818 0.217500 0.000000 -103129971.311024 1098158863573.515625 -3118273312312177.500000 
0.429456 0.217500 0.000000 -228397125.849890 2432041093178.908203 -6905894116838435.000000 
-1.862116 0.217500 0.000000 -117298227.526550 1249026704868.039551 -3546669584290516.000000 
0.093703 0.261000 0.000000 -158530923.256085 1688084814831.638672 -4793395565628520.000000 
1.655829 0.261000 0.000000 -128581550.170416 1369174908289.453125 -3887836011734433.500000 
0.708026 0.261000 0.000000 -113795309.787655 1211726586246.510010 -3440754157750950.000000 
11.000000 0.000000 
1.867038 0.217500 0.000000 22436162.582324 -239505375077.220032 681790087532731.750000 
-0.225816 0.217500 0.000000 -105282990.653583 1123892825843.745850 -3199339421348534.500000 
0.429423 0.217500 0.000000 -230826445.034235 2464065505534.378906 -7014353795454573.000000 
-1.862118 0.217500 0.000000 -119555466.292223 1276251083124.605469 -3633051397684599.500000 
0.093696 0.261000 0.000000 -158919991.718218 1696466233210.811279 -4829260559451774.000000 
1.655830 0.261000 0.000000 -129177985.760247 1378971195172.321289 -3925460510264241.500000 
0.708031 0.261000 0.000000 -115807267.259210 1236239168788.901123 -3519151128980831.500000 
12.000000 0.000000 
1.867075 0.217500 0.000000 22560352.070280 -241496703049.591614 689358716886949.875000 
-0.225815 0.217500 0.000000 -107688617.978256 1152750015456.345459 -3290555363744299.500000 
0.429390 0.217500 0.000000 -233534744.755769 2499866612469.329102 -7135935267847115.000000 
-1.862121 0.217500 0.000000 -122077238.662409 1306772632028.523682 -3730216990553191.500000 
0.093688 0.261000 0.000000 -159347303.332675 1705729071727.503418 -4869048684285251.000000 
1.655831 0.261000 0.000000 -129838934.384233 1389857502382.298340 -3967384947285235.500000 
0.708036 0.261000 0.000000 -118054328.680954 1263709496570.343750 -3607292133071871.500000 
13.000000 0.000000 
1.867112 0.217500 0.000000 22697002.890313 -243694185014.385376 697735069213882.500000 
-0.225814 0.217500 0.000000 -110355950.759336 1184874655554.724365 -3392483902537307.500000 
0.429356 0.217500 0.000000 -236530760.459988 2539593935802.469727 -7271259880360677.000000 
-1.862124 0.217500 0.000000 -124872969.159232 1340741621113.925781 -3838755724723739.000000 
0.093681 0.261000 0.000000 -159812625.015994 1715883264257.073486 -4912845696661489.000000 
1.655831 0.261000 0.000000 -130565552.031752 1401861996806.251221 -4013753045901287.000000 
0.708040 0.261000 0.000000 -120544748.199570 1294270186782.956543 -3705700644039424.500000 
14.000000 0.000000 
1.867148 0.217500 0.000000 22846388.004011 -246104026444.827789 706949875510268.625000 
-0.225814 0.217500 0.000000 -113295256.228319 1220430062292.226807 -3505764993243212.500000 
0.429322 0.217500 0.000000 -239824350.232370 2583416609283.618652 -7421032791325132.000000 
-1.862127 0.217500 0.000000 -127953293.945409 1378328199245.981445 -3959337695304570.000000 
0.093674 0.261000 0.000000 -160315690.629451 1726939810322.047119 -4960747296812689.000000 
1.655832 0.261000 0.000000 -131359142.073383 1415016402983.338379 -4064726954633223.000000 
0.708043 0.261000 0.000000 -123287842.592075 1328071398782.102051 -3814971756458588.000000 
15.000000 0.000000 
1.867185 0.217500 0.000000 23008812.364463 -248733167543.704987 717037601724917.625000 
-0.225814 0.217500 0.000000 -116518042.539521 1259600075734.866699 -3631122565424474.000000 
0.429287 0.217500 0.000000 -243426557.987314 2631524733799.912109 -7586049752179283.000000 
-1.862132 0.217500 0.000000 -131330133.315928 1419723866498.232666 -4092720751311333.500000 
0.093667 0.261000 0.000000 -160856193.144829 1738910718474.578125 -5012859296176004.000000 
1.655833 0.261000 0.000000 -132221160.283076 1429356174172.124268 -4120488366148426.000000 
0.708046 0.261000 0.000000 -126294055.146968 1365282131083.069824 -3935778387004523.500000 
16.000000 0.000000 
1.867221 0.217500 0.000000 23184614.405696 -251589326669.136383 728036713615011.250000 
-0.225815 0.217500 0.000000 -120037140.856779 1302590714470.764160 -3769372395498608.500000 
0.429252 0.217500 0.000000 -247349687.873359 2684130964394.617676 -7767205040458786.000000 
-1.862136 0.217500 0.000000 -135016777.009616 1465143194641.188721 -4239758699321739.000000 
0.093660 0.261000 0.000000 -161433777.015338 1751808960470.145264 -5069297872636941.000000 
1.655834 0.261000 0.000000 -133153221.091058 1444920698353.083252 -4181239842685003.500000 
0.708049 0.261000 0.000000 -129575029.623618 1406091724696.944824 -4068878484801029.000000 
17.000000 0.000000 
1.867257 0.217500 0.000000 23374167.780632 -254681050443.001221 739989981686776.375000 
-0.225817 0.217500 0.000000 -123866799.012867 1349632071767.222168 -3921431179641021.000000 
0.429217 0.217500 0.000000 -251607389.570166 2741472332890.854492 -7965500605097949.000000 
-1.862142 0.217500 0.000000 -139027980.471068 1514825787152.941406 -4401410723507427.000000 
0.093654 0.261000 0.000000 -162048029.836415 1765648422150.637695 -5130189864145196.000000 
1.655835 0.261000 0.000000 -134157105.243509 1461753539568.599365 -4247206351216278.500000 
0.708051 0.261000 0.000000 -133143694.477757 1450711584159.782471 -4215123334570385.000000 
18.000000 0.000000 
1.867293 0.217500 0.000000 22119325.995752 -240138846143.398834 695219079016027.000000 
-0.225819 0.217500 0.000000 -125906776.213458 1366909098737.510010 -3957299287410780.000000 
0.429181 0.217500 0.000000 -251076124.578919 2725812299258.868164 -7891420928747566.000000 
-1.862148 0.217500 0.000000 -140901955.964292 1529704527665.582275 -4428603659797948.000000 
0.093647 0.261000 0.000000 -159945372.492669 1736449709351.075195 -5027145699583379.000000 
1.655836 0.261000 0.000000 -133129230.378055 1445319797587.152588 -4184303850457190.000000 
0.708052 0.261000 0.000000 -134866859.840225 1464184401967.521973 -4238918224990707.500000 
19.000000 0.000000 
1.867329 0.217500 0.000000 19140934.336399 -205002018289.861603 585493222909180.125000 
-0.225822 0.217500 0.000000 -125388773.364596 1342930870503.599609 -3835459426568331.000000 
0.429145 0.217500 0.000000 -244351136.303793 2617034008545.845703 -7474344345039143.000000 
-1.862155 0.217500 0.000000 -139783213.798036 1497097291491.568848 -4275764334010716.000000 
0.093641 0.261000 0.000000 -154495424.777371 1654667078381.989502 -4725789378296572.000000 
1.655837 0.261000 0.000000 -129535185.945901 1387339514976.798096 -3962292130921890.500000 
0.708052 0.261000 0.000000 -133986563.319572 1435014373984.961670 -4098453262823346.500000 
20.000000 0.000000 
1.867365 0.217500 0.000000 16228977.901455 -171377696426.560638 482598719579529.687500 
-0.225826 0.217500 0.000000 -124743608.509751 1317290121420.503906 -3709482267342300.000000 
0.429109 0.217500 0.000000 -237547585.407282 2508497961238.990234 -7063917472368215.000000 
-1.862163 0.217500 0.000000 -138538878.526799 1462967909107.435791 -4119710174910300.500000 
0.093635 0.261000 0.000000 -149031542.823489 1573770243515.860352 -4431728983815477.000000 
1.655838 0.261000 0.000000 -125900338.110846 1329505163897.470703 -3743879764694120.000000 
0.708052 0.261000 0.000000 -132980017.654049 1404266444547.417969 -3954407149926255.500000 
21.000000 0.000000 
1.867400 0.217500 0.000000 13400631.801483 -139454602963.927582 386998395815432.937500 
-0.225831 0.217500 0.000000 -123969080.347426 1290092820678.845215 -3580117410573127.000000 
0.429071 0.217500 0.000000 -230695707.661914 2400750859665.793457 -6662288025612954.000000 
-1.862172 0.217500 0.000000 -137169751.957077 1427466524057.313721 -3961341132879691.000000 
0.093630 0.261000 0.000000 -143580077.695616 1494176022831.735107 -4146465671350684.500000 
1.655839 0.261000 0.000000 -122240897.855048 1272108369878.756836 -3530209028480812.000000 
0.708051 0.261000 0.000000 -131846848.636954 1372073361994.541992 -3807620392209825.000000 
22.000000 0.000000 
1.867436 0.217500 0.000000 10670614.773283 -109378096150.658707 298978535519743.625000 
-0.225837 0.217500 0.000000 -123064726.459740 1261462977481.937744 -3448134195903663.500000 
0.429034 0.217500 0.000000 -223823762.867124 2294283654300.750977 -6271288230185505.000000 
-1.862182 0.217500 0.000000 -135678065.734868 1390754781687.085205 -3801545670745170.000000 
0.093624 0.261000 0.000000 -138165003.251664 1416246892180.467041 -3871226842120842.000000 
1.655840 0.261000 0.000000 -118572001.297422 1215410736329.641113 -3322253127374635.000000 
0.708049 0.261000 0.000000 -130588234.741165 1338581965439.073242 -3658934373376402.500000 
23.000000 0.000000 
1.867471 0.217500 0.000000 8051225.071997 -81252653509.216660 218666307077538.937500 
-0.225843 0.217500 0.000000 -122031716.603951 1231539386576.399658 -3314306155584840.000000 
0.428995 0.217500 0.000000 -216957929.129512 2189531069371.146240 -5892443538679197.000000 
-1.862193 0.217500 0.000000 -134067372.125243 1353002758806.440918 -3641187136126785.000000 
0.093619 0.261000 0.000000 -132807871.171616 1340291923664.656006 -3606979867068055.500000 
1.655841 0.261000 0.000000 -114907654.169022 1159643622711.021240 -3120821013869710.500000 
0.708047 0.261000 0.000000 -129206798.655169 1303950038445.459961 -3509176958610229.000000 
24.000000 0.000000 
1.867506 0.217500 0.000000 5552419.680252 -55144996804.802063 146049030763650.062500 
-0.225851 0.217500 0.000000 -120872718.423163 1200472236445.027832 -3179396441205342.500000 
0.428956 0.217500 0.000000 -210122238.185785 2086872178373.917480 -5526986610553158.000000 
-1.862204 0.217500 0.000000 -132342413.750963 1314385872053.876221 -3481091554731709.000000 
0.093614 0.261000 0.000000 -127527811.795332 1266568663566.559326 -3354449840015209.500000 
1.655842 0.261000 0.000000 -111260698.251462 1105008483310.259033 -2926565007235992.000000 
0.708043 0.261000 0.000000 -127706474.777307 1268343091678.534668 -3359149332642457.500000 
25.000000 0.000000 
1.867541 0.217500 0.000000 3181930.109223 -31087680320.641296 80994351188885.812500 
-0.225860 0.217500 0.000000 -119591743.128626 1168419717515.021240 -3044144688839819.500000 
0.428917 0.217500 0.000000 -203338548.236797 1986631876710.926270 -5175875402917190.000000 
-1.862217 0.217500 0.000000 -130508977.315614 1275081861163.905762 -3322037121860016.500000 
0.093610 0.261000 0.000000 -122341574.747887 1195285765285.021973 -3114140201071590.500000 
1.655843 0.261000 0.000000 -107642798.360809 1051677689136.030396 -2739990607624801.500000 
0.708038 0.261000 0.000000 -126092359.620789 1231931196541.444580 -3209614449971408.000000 
26.000000 0.000000 
1.867575 0.217500 0.000000 945405.268442 -9082949918.212471 23270437760575.683594 
-0.225870 0.217500 0.000000 -118193977.886098 1135544742143.054688 -2909255636586103.500000 
0.428877 0.217500 0.000000 -196626549.917616 1889083089663.408691 -4839814251801981.000000 
-1.862231 0.217500 0.000000 -128573738.656792 1235267951215.712158 -3164745620666831.500000 
0.093606 0.261000 0.000000 -117263602.850650 1126606194692.339111 -2886355156676514.000000 
1.655844 0.261000 0.000000 -104064447.022284 999795740643.048218 -2561467889333185.000000 
0.708033 0.261000 0.000000 -124370551.550749 1194885969799.453125 -3061287339639480.500000 
27.000000 0.000000 
1.867609 0.217500 0.000000 -1153424.596827 10893267656.111137 -27434425692940.167969 
-0.225881 0.217500 0.000000 -116685611.208947 1102011867974.002686 -2775389686464756.500000 
0.428836 0.217500 0.000000 -190003800.789198 1794449557751.555908 -4519276915430099.000000 
-1.862246 0.217500 0.000000 -126544103.806696 1195118256418.073242 -3009875827441371.500000 
0.093602 0.261000 0.000000 -112306132.892260 1060650837847.664062 -2671222953083527.500000 
1.655845 0.261000 0.000000 -100534984.584146 949480788680.285034 -2391243928474508.500000 
0.708026 0.261000 0.000000 -122547985.360942 1157377785185.800293 -2914827382261794.500000 
28.000000 0.000000 
1.867643 0.217500 0.000000 -3112571.295049 28887392408.940273 -71493425517393.890625 
-0.225893 0.217500 0.000000 -115073657.001864 1067984495979.994263 -2643155496217327.000000 
0.428794 0.217500 0.000000 -183485784.120340 1702909056501.788818 -4214530687658297.500000 
-1.862262 0.217500 0.000000 -124428050.975237 1154801479059.703613 -2858018901871521.500000 
0.093598 0.261000 0.000000 -107479317.375559 997502361411.449829 -2468719217346975.500000 
1.655846 0.261000 0.000000 -97062632.532674 900826387069.808716 -2229455788060207.500000 
0.708019 0.261000 0.000000 -120632267.041179 1119573273949.313477 -2770832595038521.500000 
29.000000 0.000000 
1.867677 0.217500 0.000000 -4931604.126854 44964330159.852631 -109324319077172.734375 
-0.225907 0.217500 0.000000 -113365781.891547 1033622390338.415527 -2513104578783683.000000 
0.428752 0.217500 0.000000 -177085987.498207 1614596914864.864746 -3925660799886887.500000 
-1.862279 0.217500 0.000000 -122233977.494765 1114478936153.588623 -2709695671829002.500000 
0.093595 0.261000 0.000000 -102791361.572697 937209192069.563354 -2278689716751426.500000 
1.655848 0.261000 0.000000 -93654536.965871 853903397916.927368 -2076143627695000.500000 
0.708010 0.261000 0.000000 -118631512.862581 1081633151101.889038 -2629835856891997.000000 
30.000000 0.000000 
1.867711 0.217500 0.000000 -6611463.759141 59203817862.828102 -141374323033544.531250 
-0.225921 0.217500 0.000000 -111570139.729175 999079549112.580078 -2385727813022206.500000 
0.428709 0.217500 0.000000 -170815997.155485 1529609713078.920166 -3652594469382024.500000 
-1.862298 0.217500 0.000000 -119970554.874771 1074302928740.801636 -2565355660602493.000000 
0.093592 0.261000 0.000000 -98248670.847170 879789502900.776245 -2100872036205444.000000 
1.655849 0.261000 0.000000 -90316820.981092 808761994939.719971 -1931263618754739.500000 
0.708000 0.261000 0.000000 -116554196.212810 1043710387762.680420 -2492302943281481.500000 
31.000000 0.000000 
1.867744 0.217500 0.000000 -8154278.552055 71697032979.737595 -168106906667684.093750 
-0.225937 0.217500 0.000000 -109695216.361517 964502438196.526489 -2261453711822073.500000 
0.428665 0.217500 0.000000 -164685604.283817 1448009057606.754150 -3395124085118740.000000 
-1.862318 0.217500 0.000000 -117646594.495898 1034415455846.793701 -2425377665778593.500000 
0.093590 0.261000 0.000000 -93856003.838291 825235115477.396240 -1934915808519722.250000 
1.655850 0.261000 0.000000 -87054643.034927 765433701199.858521 -1794700372109813.000000 
0.707989 0.261000 0.000000 -114409005.037277 1005948736601.463623 -2358632196455445.000000 
32.000000 0.000000 
1.867777 0.217500 0.000000 -9563186.794450 82543507469.981125 -189990520158717.125000 
-0.225955 0.217500 0.000000 -107749686.828228 930028584692.694458 -2140648247016888.250000 
0.428620 0.217500 0.000000 -158702919.778033 1369825344393.434814 -3152929136220070.500000 
-1.862339 0.217500 0.000000 -115270925.779912 994947262632.996704 -2290071669499629.000000 
0.093588 0.261000 0.000000 -89616627.631523 773515244586.703247 -1780401247465413.500000 
1.655851 0.261000 0.000000 -83872259.669627 723933416900.528931 -1666278677184013.750000 
0.707977 0.261000 0.000000 -112204711.607503 968481600308.830322 -2229155613162407.000000 
33.000000 0.000000 
1.867810 0.217500 0.000000 -10842168.339458 91848376610.443649 -207489228399016.125000 
-0.225973 0.217500 0.000000 -105742286.465754 895785515117.873291 -2023616009362203.250000 
0.428575 0.217500 0.000000 -152874494.339906 1295061438878.637939 -2925596603867403.500000 
-1.862362 0.217500 0.000000 -112852287.463796 956017198386.630371 -2159681838153208.000000 
0.093586 0.261000 0.000000 -85532471.708641 724580031221.882812 -1636855839371131.000000 
1.655853 0.261000 0.000000 -80773091.232905 684261401527.042847 -1545774410670770.000000 
0.707963 0.261000 0.000000 -109950056.022284 931431226456.955811 -2104141124932284.500000 
34.000000 0.000000 
1.867843 0.217500 0.000000 -11995886.590212 99719962130.561722 -221055126356052.468750 
-0.225994 0.217500 0.000000 -103681696.849621 861890015858.668701 -1910602474068397.000000 
0.428529 0.217500 0.000000 -147205441.264579 1223696216025.756592 -2712639634788770.000000 
-1.862386 0.217500 0.000000 -110399233.273201 917731864039.917236 -2034390395181919.250000 
0.093585 0.261000 0.000000 -81604278.078169 678363825670.601929 -1503769135036928.750000 
1.655854 0.261000 0.000000 -77759788.793629 646405176930.246094 -1432924511909029.000000 
0.707948 0.261000 0.000000 -107653643.988771 894908202161.279297 -1983795836653262.250000 
35.000000 0.000000 
1.867875 0.217500 0.000000 -13029543.704338 106267699541.170471 -231122423972790.593750 
-0.226015 0.217500 0.000000 -101576446.840146 828447686136.127441 -1801797142322165.500000 
0.428481 0.217500 0.000000 -141699559.645021 1155687917487.081299 -2513514398062207.500000 
-1.862412 0.217500 0.000000 -107920051.363066 880185511707.505127 -1914322130712504.500000 
0.093584 0.261000 0.000000 -77831745.538992 634788196531.301270 -1380605652753312.750000 
1.655856 0.261000 0.000000 -74834300.963113 610341328182.816040 -1327435973766740.000000 
0.707932 0.261000 0.000000 -105323859.197966 859011219252.418823 -1868270001803547.000000 
36.000000 0.000000 
1.867907 0.217500 0.000000 -13948748.367613 111600384672.913467 -238103004530690.750000 
-0.226038 0.217500 0.000000 -99434828.541066 795552749437.617920 -1697337338566752.000000 
0.428433 0.217500 0.000000 -136359455.937128 1090977293110.109863 -2327635089481236.000000 
-1.862439 0.217500 0.000000 -105422697.746964 843460166586.301758 -1799549351507736.750000 
0.093584 0.261000 0.000000 -74213666.453699 593764652278.787476 -1266815953242980.500000 
1.655857 0.261000 0.000000 -71997939.986399 576037188884.663818 -1228993840808334.250000 
0.707915 0.261000 0.000000 -102968789.824126 823827074001.705322 -1757661517999612.500000 
37.000000 0.000000 
1.867938 0.217500 0.000000 -14759397.789022 115824731300.795471 -242383301770023.593750 
-0.226063 0.217500 0.000000 -97264827.728256 763288089235.092407 -1597312466800115.000000 
0.428384 0.217500 0.000000 -131186662.459355 1029490508136.074219 -2154387113188211.500000 
-1.862468 0.217500 0.000000 -102914742.591711 807625932844.046265 -1690097080298522.000000 
0.093584 0.261000 0.000000 -70748054.994155 555197073545.019043 -1161845991849688.250000 
1.655858 0.261000 0.000000 -69251445.803098 543452396702.883667 -1137268222324578.500000 
0.707896 0.261000 0.000000 -100596168.741773 789430868451.255005 -1652020758135600.500000 
38.000000 0.000000 
1.867969 0.217500 0.000000 -15467573.019671 119044208692.755066 -244322296807853.343750 
-0.226090 0.217500 0.000000 -95074067.903398 731725472791.868774 -1501768545555480.000000 
0.428334 0.217500 0.000000 -126181751.479650 971141803388.147705 -1993138503211816.750000 
-1.862498 0.217500 0.000000 -100403329.023168 772741453263.613159 -1585948352912144.000000 
0.093584 0.261000 0.000000 -67432266.088260 518983860404.434753 -1065144874938672.625000 
1.655860 0.261000 0.000000 -66595047.744017 512540315889.296814 -1051920362693937.625000 
0.707875 0.261000 0.000000 -98213326.546044 755886377706.968384 -1551355567441178.250000 
39.000000 0.000000 
1.868000 0.217500 0.000000 -16079447.585436 121358135124.901611 -244250463336123.187500 
-0.226118 0.217500 0.000000 -92869766.952974 700925928394.785767 -1410712867320583.250000 
0.428283 0.217500 0.000000 -121344443.918891 915835904406.497681 -1843249682115827.250000 
-1.862530 0.217500 0.000000 -97895142.979594 738854486552.738770 -1487049471325057.750000 
0.093585 0.261000 0.000000 -64263104.656094 485019805373.390991 -976171165350569.000000 
1.655862 0.261000 0.000000 -64028523.272723 483249324200.476807 -972607820821855.750000 
0.707853 0.261000 0.000000 -95827156.330582 723246549659.769287 -1455636284117581.000000 
40.000000 0.000000 
1.868031 0.217500 0.000000 -16601208.902209 122860999574.377747 -242469494124720.437500 
-0.226147 0.217500 0.000000 -90658705.429614 670940245063.681274 -1324118657442810.000000 
0.428231 0.217500 0.000000 -116673712.115914 863470183349.542114 -1704081679897104.500000 
-1.862564 0.217500 0.000000 -95396393.360930 706002575665.129272 -1393315111917528.750000 
0.093586 0.261000 0.000000 -61236925.095684 453197708217.256348 -894397892175681.750000 
1.655863 0.261000 0.000000 -61551253.181013 455523964273.990173 -898988821203077.250000 
0.707830 0.261000 0.000000 -93444089.239533 691554107650.482178 -1364800670861985.750000 
41.000000 0.000000 
1.868061 0.217500 0.000000 -17038991.649572 123641982493.420563 -239252652962976.187500 
-0.226179 0.217500 0.000000 -88447205.006320 641809562319.833862 -1241929621196409.500000 
0.428178 0.217500 0.000000 -112167875.944852 813936577886.962646 -1575002937318839.750000 
-1.862599 0.217500 0.000000 -92912801.070577 674213777413.946411 -1304633197053921.250000 
0.093588 0.261000 0.000000 -58349720.977869 423409749122.251831 -819316414416742.250000 
1.655865 0.261000 0.000000 -59162273.515863 429305966970.343750 -830725854270060.000000 
0.707805 0.261000 0.000000 -91070079.423117 660842225718.796143 -1278758658707154.500000 
42.000000 0.000000 
1.868091 0.217500 0.000000 -17398821.993390 123784646437.918213 -234845611188791.531250 
-0.226212 0.217500 0.000000 -86241116.211464 613566026636.911377 -1164064305846614.000000 
0.428124 0.217500 0.000000 -107824692.300878 767123281036.601929 -1455394840769249.500000 
-1.862636 0.217500 0.000000 -90449595.919201 643507431455.080322 -1220869472858182.250000 
0.093591 0.261000 0.000000 -55597205.383355 395548641967.214478 -750439293166099.875000 
1.655866 0.261000 0.000000 -56860323.408062 404535147959.237366 -767488592516862.500000 
0.707779 0.261000 0.000000 -88710597.437822 631135254059.655762 -1197396839976996.500000 
43.000000 0.000000 
1.868121 0.217500 0.000000 -17686572.127121 123366773241.177536 -229467653095649.156250 
-0.226247 0.217500 0.000000 -84045813.909082 586233487861.263428 -1090420208710622.500000 
0.428069 0.217500 0.000000 -103641437.562493 722916212042.898315 -1344656119342440.250000 
-1.862675 0.217500 0.000000 -88011520.225708 613894946983.357788 -1141871745775139.000000 
0.093594 0.261000 0.000000 -52974882.127963 369508586739.489197 -687302309772168.875000 
1.655868 0.261000 0.000000 -54643889.468757 381150189683.785889 -708956206001396.875000 
0.707751 0.261000 0.000000 -86370630.719800 602449470599.681152 -1120582653620726.500000 
44.000000 0.000000 
1.868150 0.217500 0.000000 -17907923.837399 122460321062.758545 -223313141466832.468750 
-0.226284 0.217500 0.000000 -81866199.600264 559828217847.289551 -1020877594671564.500000 
0.428012 0.217500 0.000000 -99614983.255836 681200285579.427612 -1242206246241068.750000 
-1.862716 0.217500 0.000000 -85602838.057655 585380590603.752319 -1067473754004291.500000 
0.093597 0.261000 0.000000 -50478108.485155 345186043220.888306 -629465765181670.625000 
1.655870 0.261000 0.000000 -52511246.240019 359089313331.157715 -654819144121409.500000 
0.707721 0.261000 0.000000 -84054690.146339 574793841855.332764 -1048168234466105.375000 
45.000000 0.000000 
1.868179 0.217500 0.000000 -18068340.191213 121131479629.922455 -216553156177123.093750 
-0.226322 0.217500 0.000000 -79706709.322271 534359633173.952393 -955302993499338.875000 
0.427955 0.217500 0.000000 -95741864.944652 641860494131.820801 -1147487971370556.250000 
-1.862758 0.217500 0.000000 -83227349.026690 557962260317.732788 -997498659049476.375000 
0.093601 0.261000 0.000000 -48102149.906305 322480345724.544678 -576515179085529.875000 
1.655872 0.261000 0.000000 -50460492.989413 338290850956.828125 -604780455950522.000000 
0.707689 0.261000 0.000000 -81766821.606177 548170777225.506104 -979993906579228.500000 
46.000000 0.000000 
1.868207 0.217500 0.000000 -18173044.345854 119440803519.592361 -209337232645672.500000 
-0.226363 0.217500 0.000000 -77571326.212325 509831008858.684265 -893552365410213.375000 
0.427896 0.217500 0.000000 -92018344.625463 604782820722.896606 -1059969108638889.500000 
-1.862803 0.217500 0.000000 -80888405.796188 531632235075.657715 -931762158295564.250000 
0.093606 0.261000 0.000000 -45842227.370317 301294178786.704895 -528061497753682.750000 
1.655874 0.261000 0.000000 -48489587.063893 318693727425.245605 -558556715919880.125000 
0.707656 0.261000 0.000000 -79510621.622732 522576864625.754150 -915891315713253.000000 
47.000000 0.000000 
1.868235 0.217500 0.000000 -18227004.774559 117443407233.370071 -201795143315198.062500 
-0.226405 0.217500 0.000000 -75463596.676653 486240170856.904663 -835473929743036.375000 
0.427837 0.217500 0.000000 -88440466.812937 569854997477.096924 -979143687957466.625000 
-1.862849 0.217500 0.000000 -78588934.435447 506377890668.121521 -870075225388954.625000 
0.093611 0.261000 0.000000 -43693557.935336 281533931742.704163 -483740905023468.125000 
1.655876 0.261000 0.000000 -46596373.766152 300237859566.208496 -515878611895350.625000 
0.707621 0.261000 0.000000 -77289256.103920 498003577200.289673 -855686203252960.625000 
48.000000 0.000000 
1.868263 0.217500 0.000000 -18234925.673803 115189204382.994629 -194038671265506.531250 
-0.226450 0.217500 0.000000 -73386649.531370 463580160570.479736 -780910666619950.500000 
0.427776 0.217500 0.000000 -85004108.791562 536967127595.842712 -904532577597479.625000 
-1.862898 0.217500 0.000000 -76331456.917297 482182376225.978760 -812246495595606.750000 
0.093616 0.261000 0.000000 -41651389.175252 263109949904.347656 -443214321599313.375000 
1.655878 0.261000 0.000000 -44778613.027484 282864482163.484131 -476491252467674.437500 
0.707584 0.261000 0.000000 -75105481.561026 474437945104.720276 -799200836216974.250000 
49.000000 0.000000 
1.868290 0.217500 0.000000 -18201242.136479 112723180334.504593 -186163344083112.125000 
-0.226497 0.217500 0.000000 -71343217.149351 441839863019.684265 -729702499564683.875000 
0.427713 0.217500 0.000000 -81705025.203423 506012184288.338013 -835683664126375.750000 
-1.862948 0.217500 0.000000 -74118114.941610 459025245308.497131 -758084312664156.875000 
0.093623 0.261000 0.000000 -39711028.020927 245936697029.044189 -406166662578339.625000 
1.655880 0.261000 0.000000 -43034003.163438 266516409305.141846 -440154242118036.812500 
0.707546 0.261000 0.000000 -72961667.948604 451863185600.569397 -746256106772572.125000 
50.000000 0.000000 
1.868317 0.217500 0.000000 -18130119.037720 110085685252.209976 -178250097858120.343750 
-0.226545 0.217500 0.000000 -69335658.148354 421004595932.009583 -681688179999702.500000 
0.427650 0.217500 0.000000 -78538887.509772 476886402812.428833 -772171674943686.125000 
-1.863001 0.217500 0.000000 -71950694.759977 436883040897.050781 -707398465241321.125000 
0.093629 0.261000 0.000000 -37867864.658572 229932843866.260834 -372305916305627.125000 
1.655882 0.261000 0.000000 -41360201.756973 251138238150.181854 -406641566736190.812500 
0.707505 0.261000 0.000000 -70859822.664555 430259289453.544983 -696673325634952.000000 
51.000000 0.000000 
1.868343 0.217500 0.000000 -18025453.279856 107312740260.353775 -170366855407454.187500 
-0.226596 0.217500 0.000000 -67365980.985507 401056656254.001831 -636706892401158.875000 
0.427585 0.217500 0.000000 -75501318.635645 449489578446.047485 -713597712932196.500000 
-1.863056 0.217500 0.000000 -69830652.407567 415729832014.758362 -660001636409522.500000 
0.093637 0.261000 0.000000 -36117392.004196 215021294990.631409 -341362095351563.500000 
1.655884 0.261000 0.000000 -39754843.912818 236676502536.271790 -375741327526566.812500 
0.707463 0.261000 0.000000 -68801615.154441 409603561249.276611 -650275731701865.625000 
52.000000 0.000000 
1.868369 0.217500 0.000000 -17890878.478437 104436347143.983536 -162570002628981.625000 
-0.226649 0.217500 0.000000 -65435867.971180 381975822559.105408 -594599602301568.750000 
0.427519 0.217500 0.000000 -72587923.159176 423725282727.133179 -659588564812077.625000 
-1.863113 0.217500 0.000000 -67759138.790123 395537700923.494873 -615710591546654.875000 
0.093645 0.261000 0.000000 -34455221.259079 201129164935.798248 -313086102363369.375000 
1.655886 0.261000 0.000000 -38215558.318525 223079784464.743622 -347255358298839.875000 
0.707419 0.261000 0.000000 -66788401.637029 389871112643.423645 -606889742323362.125000 
53.000000 0.000000 
1.868395 0.217500 0.000000 -17729771.926876 101484797798.106323 -154905759293462.593750 
-0.226704 0.217500 0.000000 -63546699.356596 363739813548.603088 -555210171626910.125000 
0.427452 0.217500 0.000000 -69794313.487822 399501009995.069153 -609795837746115.500000 
-1.863172 0.217500 0.000000 -65737024.604926 376277183789.781067 -574347134983890.625000 
0.093653 0.261000 0.000000 -32877094.055663 188187713648.506256 -287248546628789.062500 
1.655888 0.261000 0.000000 -36739980.885285 210298787069.976929 -320998750516078.437500 
0.707373 0.261000 0.000000 -64821249.694283 371035309725.155090 -566345971265587.000000 
54.000000 0.000000 
1.868420 0.217500 0.000000 -17545262.985764 98482976262.504745 -147411437056877.000000 
-0.226762 0.217500 0.000000 -61699577.124464 346324702814.967896 -518386263978978.625000 
0.427384 0.217500 0.000000 -67116132.327077 376728264042.655762 -563894968349102.125000 
-1.863233 0.217500 0.000000 -63764924.576768 357917664646.557190 -535738858591726.312500 
0.093663 0.261000 0.000000 -31378891.608965 176132249483.910889 -263638539307314.531250 
1.655891 0.261000 0.000000 -35325766.669990 198286377538.952698 -296799314674530.562500 
0.707324 0.261000 0.000000 -62900962.335245 353068174901.509827 -528480038037760.375000 
55.000000 0.000000 
1.868445 0.217500 0.000000 -17340242.931768 95452652281.191696 -140116588729324.187500 
-0.226821 0.217500 0.000000 -59895348.258235 329705291503.164307 -483980063700478.875000 
0.427314 0.217500 0.000000 -64549071.835123 355322594567.796875 -521584143127079.062500 
-1.863297 0.217500 0.000000 -61843220.853767 340427725224.595459 -499719708435518.312500 
0.093672 0.261000 0.000000 -29956641.292227 164902007199.722900 -242062490368289.250000 
1.655893 0.261000 0.000000 -33970599.782666 186997602144.192322 -274496993921356.000000 
0.707274 0.261000 0.000000 -61028101.388595 335940745706.322266 -493133194087580.562500 
56.000000 0.000000 
1.868469 0.217500 0.000000 -17117375.493130 92412761166.562057 -133044047238909.437500 
-0.226883 0.217500 0.000000 -58134627.234888 313855440299.300537 -451848830164353.437500 
0.427242 0.217500 0.000000 -62088889.753692 335203591357.085266 -482583161461695.750000 
-1.863362 0.217500 0.000000 -59972085.485041 323775453474.980530 -466130393499280.812500 
0.093683 0.261000 0.000000 -28606520.986148 154440007041.976562 -222342924646914.687500 
1.655895 0.261000 0.000000 -32672201.907428 176389680349.575806 -253943250571074.125000 
0.707222 0.261000 0.000000 -59203009.964491 319623392171.652466 -460152787882853.250000 
57.000000 0.000000 
1.868492 0.217500 0.000000 -16879108.141711 89379670178.647461 -126210861761546.765625 
-0.226947 0.217500 0.000000 -56417817.655898 298748363476.750244 -421855309254208.125000 
0.427169 0.217500 0.000000 -59731422.880913 316294843991.454834 -446632268289934.250000 
-1.863431 0.217500 0.000000 -58151501.797796 307928713261.574097 -434818658249557.750000 
0.093694 0.261000 0.000000 -27324861.548460 144692900381.585876 -204317330903513.250000 
1.655898 0.261000 0.000000 -31428339.217890 166421979761.836090 -235000436226960.750000 
0.707167 0.261000 0.000000 -57425833.941929 304086095922.313232 -429392591618984.750000 
58.000000 0.000000 
1.868516 0.217500 0.000000 -16627683.685193 86367428921.673248 -119629134476626.078125 
-0.227014 0.217500 0.000000 -54745132.808346 284356886752.835571 -393868020264446.062500 
0.427095 0.217500 0.000000 -57472598.111234 298523872975.535217 -413490976755380.187500 
-1.863501 0.217500 0.000000 -56381284.529514 292855377592.478699 -405639438219078.687500 
0.093706 0.261000 0.000000 -26108147.671147 135610806108.387924 -187837053423654.312500 
1.655900 0.261000 0.000000 -30236828.127329 157055976860.413666 -217541158869411.250000 
0.707111 0.261000 0.000000 -55696542.288788 289298692973.905151 -400713008107188.375000 
59.000000 0.000000 
1.868538 0.217500 0.000000 -16365152.014119 83388003438.433197 -113306764869628.875000 
-0.227083 0.217500 0.000000 -53116615.150783 270653672083.832001 -367761437129817.937500 
0.427020 0.217500 0.000000 -55308441.364372 281822038358.554871 -382936898818407.375000 
-1.863574 0.217500 0.000000 -54661098.842589 278523529405.768677 -378454918642330.312500 
0.093718 0.261000 0.000000 -24953017.405739 127147141647.927521 -172766233612773.625000 
1.655903 0.261000 0.000000 -29095539.851127 148255205637.911865 -201447654737480.875000 
0.707052 0.261000 0.000000 -54014946.228302 275231083580.918701 -373981176982383.937500 
60.000000 0.000000 
1.868561 0.217500 0.000000 -16093381.835166 80451493713.455261 -107248108272403.750000 
-0.227155 0.217500 0.000000 -51532154.637989 257611411781.703156 -343416079773173.125000 
0.426943 0.217500 0.000000 -53235084.628865 266124430540.506378 -354764596940809.500000 
-1.863650 0.217500 0.000000 -52990477.974757 264901631572.784698 -353134510661085.562500 
0.093732 0.261000 0.000000 -23856260.576475 119258451545.655640 -158980806115580.781250 
1.655905 0.261000 0.000000 -28002404.002094 139985197182.946533 -186611172658681.625000 
0.706991 0.261000 0.000000 -52380717.190933 261853411728.815857 -349070996153468.812500 
61.000000 0.000000 
1.868583 0.217500 0.000000 -15710791.859541 76730636847.271698 -99932847580181.359375 
-0.227228 0.217500 0.000000 -49452182.539201 241521719187.956451 -314554318100536.062500 
0.426864 0.217500 0.000000 -50693407.562950 247583793422.945770 -322449474004829.562500 
-1.863728 0.217500 0.000000 -50811944.102317 248162719312.653442 -323203458528788.750000 
0.093745 0.261000 0.000000 -22641914.649516 110581856473.638107 -144020175801610.093750 
1.655908 0.261000 0.000000 -26729683.084903 130546290993.273697 -170021560305252.375000 
0.706928 0.261000 0.000000 -50263545.191106 245484369419.169739 -319715215205529.812500 
62.000000 0.000000 
1.868604 0.217500 0.000000 -15132296.479599 71636242609.640549 -90433530907810.343750 
-0.227305 0.217500 0.000000 -46501573.379936 220138298034.684906 -277902397642409.406250 
0.426784 0.217500 0.000000 -47311895.497900 223974360321.241577 -282745039365621.812500 
-1.863808 0.217500 0.000000 -47739764.261895 225999889666.639069 -285302065864901.500000 
0.093760 0.261000 0.000000 -21195480.925122 100339338171.644699 -126668293998344.265625 
1.655911 0.261000 0.000000 -25122495.963544 118929814666.956848 -150136895497880.218750 
0.706862 0.261000 0.000000 -47294098.219275 223890108061.771423 -282638679385906.375000 
63.000000 0.000000 
1.868625 0.217500 0.000000 -14565551.967109 66872340223.386475 -81871892385548.062500 
-0.227384 0.217500 0.000000 -43772469.796933 200965092108.301056 -246041821467293.656250 
0.426702 0.217500 0.000000 -44215836.473402 203000646085.213715 -248533952826627.875000 
-1.863891 0.217500 0.000000 -44901774.619735 206149877174.932953 -252389560511560.406250 
0.093775 0.261000 0.000000 -19866305.727380 91208788968.869705 -111667037973107.531250 
1.655913 0.261000 0.000000 -23637146.665378 108521209308.548599 -132862656524047.265625 
0.706794 0.261000 0.000000 -44545054.964685 204512130923.318512 -250384465663390.031250 
64.000000 0.000000 
1.868645 0.217500 0.000000 -14012801.739819 62425668467.059906 -74160074593043.546875 
-0.227466 0.217500 0.000000 -41245073.995460 183742791980.246155 -218281669925238.500000 
0.426619 0.217500 0.000000 -41376430.601118 184327972878.974152 -218976849651235.218750 
-1.863976 0.217500 0.000000 -42276673.158779 188338465890.147369 -223741211301930.593750 
0.093791 0.261000 0.000000 -18643002.354806 83052761741.764664 -98664526262583.140625 
1.655916 0.261000 0.000000 -22262621.159885 99177811371.271759 -117820666880793.437500 
0.706724 0.261000 0.000000 -41996977.361157 187092448322.911194 -222260974758220.468750 
65.000000 0.000000 
1.868665 0.217500 0.000000 -13475667.996131 58281027122.177284 -67216024682734.546875 
-0.227550 0.217500 0.000000 -38901627.248787 168245966985.410919 -194039563612266.031250 
0.426535 0.217500 0.000000 -38768233.560354 167669051527.436798 -193374201905758.187500 
-1.864065 0.217500 0.000000 -39845395.778002 172327679243.686951 -198747038504994.968750 
0.093808 0.261000 0.000000 -17515464.447334 75752775951.864334 -87366347327612.953125 
1.655919 0.261000 0.000000 -20989054.566824 90775734370.209976 -104692458306034.093750 
0.706652 0.261000 0.000000 -39632398.403503 171406485150.472504 -197684617199734.000000 
66.000000 0.000000 
1.868684 0.217500 0.000000 -12955275.443988 54422131886.684258 -60963961785746.750000 
-0.227637 0.217500 0.000000 -36726173.264650 154278205333.684235 -172823266716561.468750 
0.426448 0.217500 0.000000 -36368715.691014 152776608296.983704 -171141169724227.312500 
-1.864155 0.217500 0.000000 -37590850.779992 157910516663.755829 -176892201200449.250000 
0.093825 0.261000 0.000000 -16474703.166832 69206438135.235748 -77525420330629.625000 
1.655922 0.261000 0.000000 -19807595.869238 83207153673.761398 -93209096391703.390625 
0.706577 0.261000 0.000000 -37435597.504646 157258333368.752472 -176161622002326.781250 
67.000000 0.000000 
1.868702 0.217500 0.000000 -12452351.565799 50832238093.780403 -55334478599627.328125 
-0.227726 0.217500 0.000000 -34704352.006677 141668011441.224304 -154215628532503.000000 
0.426360 0.217500 0.000000 -34157885.301483 139437258035.175476 -151787296016820.250000 
-1.864249 0.217500 0.000000 -35497688.364113 144906521243.694733 -157740975007094.062500 
0.093844 0.261000 0.000000 -15512707.395570 63325037977.287323 -68933772939726.890625 
1.655925 0.261000 0.000000 -18710290.270937 76378017825.021408 -83142862705030.437500 
0.706500 0.261000 0.000000 -35392404.167315 144476736449.164093 -157273123926613.906250 
68.000000 0.000000 
1.868721 0.217500 0.000000 -11967307.994710 47494590192.779686 -50264405853619.796875 
-0.227818 0.217500 0.000000 -32823219.735892 130265333762.019699 -137862219218954.500000 
0.426271 0.217500 0.000000 -32117966.033537 127466397226.742844 -134900052761750.953125 
-1.864345 0.217500 0.000000 -33552100.110816 133158037344.302399 -140923621081438.250000 
0.093863 0.261000 0.000000 -14622323.403353 58031535414.275650 -61415850448064.359375 
1.655928 0.261000 0.000000 -17689976.776158 70206114681.330536 -74300433531999.328125 
0.706420 0.261000 0.000000 -33490026.132234 132911684682.893311 -140662901489882.140625 
69.000000 0.000000 
1.868738 0.217500 0.000000 -11500306.460780 44392739202.503464 -45696528189568.250000 
-0.227913 0.217500 0.000000 -31071091.354475 119938617282.967194 -123461144866227.796875 
0.426180 0.217500 0.000000 -30233119.523425 116703932617.673599 -120131459389562.765625 
-1.864444 0.217500 0.000000 -31741643.958939 122527041077.847488 -126125589165772.734375 
0.093882 0.261000 0.000000 -13797150.925550 53258869653.979065 -54823051746947.578125 
1.655931 0.261000 0.000000 -16740198.672147 64619432219.921425 -66517267442352.617188 
0.706338 0.261000 0.000000 -31716898.407519 122431519900.708893 -126027262587097.281250 
70.000000 0.000000 
1.868755 0.217500 0.000000 -11051312.413474 41510761953.366402 -41579215052581.101562 
-0.228011 0.217500 0.000000 -29437402.447067 110572297640.941833 -110754636294935.125000 
0.426087 0.217500 0.000000 -28489206.816157 107010700461.593475 -107187165882872.906250 
-1.864546 0.217500 0.000000 -30055091.459204 112892451174.269867 -113078615864995.203125 
0.093903 0.261000 0.000000 -13031453.325072 48948535399.646675 -49029253719245.101562 
1.655935 0.261000 0.000000 -15855125.328416 59554766766.548088 -59652975235059.414062 
0.706253 0.261000 0.000000 -30062550.824051 112920469920.543304 -113106680815431.812500 
71.000000 0.000000 
1.868772 0.217500 0.000000 -10620138.424543 38833405764.536652 -37866007465919.921875 
-0.228112 0.217500 0.000000 -27912587.891698 102064663209.253540 -99522079585859.640625 
0.425992 0.217500 0.000000 -26873582.183936 98265453761.291321 -95817514135344.640625 
-1.864650 0.217500 0.000000 -28482293.844795 104147839676.327347 -101553361007152.875000 
0.093924 0.261000 0.000000 -12320079.612288 45049379914.837708 -43927132390435.625000 
1.655938 0.261000 0.000000 -15029483.538693 54956537227.489441 -53587487576420.929688 
0.706166 0.261000 0.000000 -28517491.210196 104276541725.002365 -101678856895037.593750 
72.000000 0.000000 
1.868788 0.217500 0.000000 -10206479.437563 36346178432.440582 -34515190596302.843750 
-0.228215 0.217500 0.000000 -26487975.203236 94326028768.320572 -89574227650439.578125 
0.425896 0.217500 0.000000 -25374914.857533 90362322166.205719 -85810198122710.437500 
-1.864758 0.217500 0.000000 -27014064.650106 96199479944.538437 -91353301192936.484375 
0.093946 0.261000 0.000000 -11658396.707319 41516584592.419701 -39425130561619.695312 
1.655941 0.261000 0.000000 -14258497.314782 50775773443.897957 -48217875267090.367188 
0.706076 0.261000 0.000000 -27073102.507446 96409718990.262695 -91552949162734.609375 
73.000000 0.000000 
1.868803 0.217500 0.000000 -9809941.283093 34035397343.522728 -31489370191655.687500 
-0.228322 0.217500 0.000000 -25155690.411539 87277170566.041458 -80748378092826.484375 
0.425798 0.217500 0.000000 -23983034.302133 83208663377.346069 -76984216690532.093750 
-1.864868 0.217500 0.000000 -25642076.439766 88964677275.339493 -82309650403934.125000 
0.093969 0.261000 0.000000 -11042230.395364 38310800056.739380 -35444950242508.531250 
1.655945 0.261000 0.000000 -13537834.854454 46969250390.563942 -43455702845041.445312 
0.705984 0.261000 0.000000 -25721551.775742 89240415382.315933 -82564761846850.187500 
74.000000 0.000000 
1.868818 0.217500 0.000000 -9430063.752449 31888208977.362911 -28755065316707.648438 
-0.228431 0.217500 0.000000 -23908575.037435 80847983339.103180 -72904346659617.859375 
0.425698 0.217500 0.000000 -22688795.800722 76723241849.794418 -69184877465728.500000 
-1.864981 0.217500 0.000000 -24358769.930272 82370338775.949036 -74277124605623.640625 
0.093992 0.261000 0.000000 -10467813.803291 35397410119.181007 -31919473456220.207031 
1.655948 0.261000 0.000000 -12863561.819410 43498745953.231522 -39224820747003.398438 
0.705889 0.261000 0.000000 -24455709.761658 82698145425.257507 -74572722944771.750000 
75.000000 0.000000 
1.868832 0.217500 0.000000 -9066339.196833 29892586884.808563 -26282324284476.398438 
-0.228543 0.217500 0.000000 -22740112.624208 74976324802.290344 -65921095745429.179688 
0.425596 0.217500 0.000000 -21483963.316956 70834680474.617783 -62279656491265.093750 
-1.865097 0.217500 0.000000 -23157273.783096 76351745015.044556 -67130400252875.500000 
0.094017 0.261000 0.000000 -9931742.312100 32745903670.324150 -28791033126981.136719 
1.655951 0.261000 0.000000 -12232100.085226 40330403114.526978 -35459518350294.937500 
0.705791 0.261000 0.000000 -23269079.580025 76720379413.821960 -67454513011949.031250 
76.000000 0.000000 
1.868845 0.217500 0.000000 -8718227.504730 28037314557.928040 -24044367801253.386719 
-0.228658 0.217500 0.000000 -21644363.630862 69607019453.832047 -59693904487142.898438 
0.425493 0.217500 0.000000 -20361107.216946 65480141173.137650 -56154757431992.359375 
-1.865216 0.217500 0.000000 -22031333.702687 70851492785.409851 -60761145589762.921875 
0.094042 0.261000 0.000000 -9430934.025074 30329337436.148422 -26009971210914.992188 
1.655955 0.261000 0.000000 -11640191.234682 37434180627.216621 -32102974965012.726562 
0.705691 0.261000 0.000000 -22155733.392556 71251554980.837936 -61104232747784.976562 
77.000000 0.000000 
1.868858 0.217500 0.000000 -8385168.103277 26311957891.594738 -22017260940176.164062 
-0.228776 0.217500 0.000000 -20615907.714793 64690998320.793617 -54131988063282.992188 
0.425388 0.217500 0.000000 -19313514.845172 60604198161.069511 -50712244618203.101562 
-1.865338 0.217500 0.000000 -20975249.710094 65818583520.350685 -55075526270253.875000 
0.094068 0.261000 0.000000 -8962595.060230 28123875504.898399 -23533433285030.503906 
1.655959 0.261000 0.000000 -11084864.229761 34783379087.359764 -29105957713322.039062 
0.705588 0.261000 0.000000 -21110256.171032 66242222530.510643 -55430017968270.367188 
78.000000 0.000000 
1.868871 0.217500 0.000000 -8066589.517897 24706830690.725239 -20179613914102.156250 
-0.228898 0.217500 0.000000 -19649792.350839 60184554035.250839 -49156489524158.031250 
0.425281 0.217500 0.000000 -18335112.061007 56157872962.508766 -45867647243239.281250 
-1.865464 0.217500 0.000000 -19983820.451822 61207635192.240936 -49992103893693.625000 
0.094095 0.261000 0.000000 -8524188.980951 26108393573.373039 -21324357981125.941406 
1.655962 0.261000 0.000000 -10563406.702740 32354231034.419483 -26425724081532.628906 
0.705482 0.261000 0.000000 -20127695.548342 61648304404.731537 -50352026001195.250000 
79.000000 0.000000 
1.868883 0.217500 0.000000 -7761916.980944 23212956126.687843 -18512311102612.167969 
-0.229022 0.217500 0.000000 -18741487.213261 56048695380.070450 -44698782874038.656250 
0.425172 0.217500 0.000000 -17420394.434497 52097806857.555779 -41547952921086.554688 
-1.865592 0.217500 0.000000 -19052293.825553 56978200330.039368 -45440062214392.023438 
0.094123 0.261000 0.000000 -8113409.876795 24264138352.710842 -19350627958400.355469 
1.655966 0.261000 0.000000 -10073339.471089 30125546017.267799 -24025095165132.472656 
0.705373 0.261000 0.000000 -19203517.220048 57430452271.194923 -45800732720368.914062 
80.000000 0.000000 
1.868894 0.217500 0.000000 -7470578.391035 21822025790.002766 -16998266520694.240234 
-0.229149 0.217500 0.000000 -17886843.402113 52248586065.447189 -40699034994119.570312 
0.425061 0.217500 0.000000 -16564366.604454 48385548791.142418 -37689922192223.265625 
-1.865723 0.217500 0.000000 -18176322.971175 53094173955.849213 -41357705663196.968750 
0.094151 0.261000 0.000000 -7728158.554750 22574433526.239868 -17584354510685.056641 
1.655970 0.261000 0.000000 -9612393.812719 28078402327.797913 -21871670890511.304688 
0.705262 0.261000 0.000000 -18333565.019699 53553487794.558586 -41715488168000.062500 
81.000000 0.000000 
1.868904 0.217500 0.000000 -7192008.971168 20526358027.495758 -15622204238509.683594 
-0.229280 0.217500 0.000000 -17082057.112107 48753056556.918571 -37104985003358.406250 
0.424949 0.217500 0.000000 -15762488.883126 44986941968.025055 -34238669838509.679688 
-1.865858 0.217500 0.000000 -17351927.112457 49523279212.408127 -37691186199745.367188 
0.094181 0.261000 0.000000 -7366521.491904 21024425604.337746 -16001273598967.216797 
1.655974 0.261000 0.000000 -9178491.228227 26195879045.491936 -19937164308825.933594 
0.705148 0.261000 0.000000 -17514025.288943 49985915621.719505 -38043289600882.171875 
82.000000 0.000000 
1.868914 0.217500 0.000000 -6925654.848679 19318856485.915676 -14370461675339.535156 
-0.229414 0.217500 0.000000 -16323637.133958 45534178357.044525 -33870905634349.117188 
0.424834 0.217500 0.000000 -15010630.085686 41871594054.942223 -31146467602293.074219 
-1.865995 0.217500 0.000000 -16575456.602718 46236619394.555435 -34393421137070.289062 
0.094211 0.261000 0.000000 -7026752.175059 19600863715.863243 -14580234655074.888672 
1.655978 0.261000 0.000000 -8769725.367462 24462822577.303600 -18196835541175.136719 
0.705031 0.261000 0.000000 -16741394.961301 46699498270.993599 -34737736710770.433594 
83.000000 0.000000 
1.868923 0.217500 0.000000 -6670975.755538 18192969596.217491 -13230813796282.076172 
-0.229550 0.217500 0.000000 -15608375.756612 42566892159.761131 -30956717707554.082031 
0.424718 0.217500 0.000000 -14305025.796735 39012418712.067345 -28371731453301.054688 
-1.866136 0.217500 0.000000 -15843561.684305 43208287150.356934 -31423171391520.304688 
0.094242 0.261000 0.000000 -6707254.531939 18291908447.180199 -13302766948700.794922 
1.655982 0.261000 0.000000 -8384345.867423 22865642904.422474 -16629009464380.767578 
0.704911 0.261000 0.000000 -16012452.946026 43668884475.567398 -31758140205308.250000 
84.000000 0.000000 
1.868932 0.217500 0.000000 -6427447.019293 17142651525.178696 -12192316293196.648438 
-0.229691 0.217500 0.000000 -14933322.690699 39828682559.539391 -28327233660089.652344 
0.424599 0.217500 0.000000 -13642241.396369 36385238116.833427 -25878163064338.640625 
-1.866280 0.217500 0.000000 -15153164.539620 40415023014.061562 -28744254811486.859375 
0.094274 0.261000 0.000000 -6406568.199951 17086965601.486521 -12152710961796.390625 
1.655986 0.261000 0.000000 -8020743.877532 21392135454.795330 -15214663919912.583984 
0.704788 0.261000 0.000000 -15324234.448386 40871283769.476036 -29068759771178.511719 
85.000000 0.000000 
1.868940 0.217500 0.000000 -6194560.989912 16162324945.846306 -11245165905187.298828 
-0.229834 0.217500 0.000000 -14295761.667883 37299293008.973450 -25951510035682.945312 
0.424479 0.217500 0.000000 -13019139.247826 33968437695.786758 -23634020396756.644531 
-1.866427 0.217500 0.000000 -14501434.249694 37835916525.166618 -26324873427919.902344 
0.094307 0.261000 0.000000 -6123355.407065 15976541357.660196 -11115904349154.132812 
1.655990 0.261000 0.000000 -7677439.088875 20031325142.880108 -13937077449388.048828 
0.704662 0.261000 0.000000 -14674007.896260 38286181097.173737 -26638151364752.218750 
86.000000 0.000000 
1.868947 0.217500 0.000000 -5971827.982116 15246845732.509548 -10380576064240.445312 
-0.229980 0.217500 0.000000 -13693189.394204 34960475570.408173 -23802292111268.640625 
0.424357 0.217500 0.000000 -12432849.512905 31742665580.193748 -21611496588725.125000 
-1.866578 0.217500 0.000000 -13885764.312850 35452144132.419731 -24137036949374.679688 
0.094340 0.261000 0.000000 -5856389.265327 14952115825.399742 -10179913824139.441406 
1.655994 0.261000 0.000000 -7353068.083221 18773329550.223145 -12781527326640.587891 
0.704533 0.261000 0.000000 -14059254.162256 35895086055.390533 -24438607018627.460938 
87.000000 0.000000 
1.868954 0.217500 0.000000 -5758776.865409 14391469808.010612 -9590666355046.814453 
-0.230130 0.217500 0.000000 -13123296.626627 32795770976.662846 -21855536751265.312500 
0.424232 0.217500 0.000000 -11880744.180947 29690570614.711514 -19786190045589.070312 
-1.866732 0.217500 0.000000 -13303752.457607 33246739073.522827 -22156067872231.648438 
0.094375 0.261000 0.000000 -5604543.317290 14006032500.225836 -9333805821059.263672 
1.655998 0.261000 0.000000 -7046373.859180 17609238735.999252 -11735030246134.437500 
0.704401 0.261000 0.000000 -13477647.859962 33681312332.955242 -22445673256090.457031 
88.000000 0.000000 
1.868960 0.217500 0.000000 -5554955.346455 13591822084.599363 -8868364240937.199219 
-0.230284 0.217500 0.000000 -12583951.118204 30790314962.489189 -20090001655475.726562 
0.424106 0.217500 0.000000 -11360413.904882 27796573504.609173 -18136651359509.363281 
-1.866889 0.217500 0.000000 -12753182.478096 31204388954.325947 -20360175805744.222656 
0.094410 0.261000 0.000000 -5366782.182596 13131401432.270441 -8567949916537.722656 
1.656003 0.261000 0.000000 -6756196.412751 16531009501.149822 -10786119227730.568359 
0.704267 0.261000 0.000000 -12927040.468109 31629783349.216961 -20637736269416.066406 
89.000000 0.000000 
1.868965 0.217500 0.000000 -5359930.013104 12843867504.162790 -8207317735427.599609 
-0.230440 0.217500 0.000000 -12073182.231178 28930667481.062000 -18486891136032.167969 
0.423978 0.217500 0.000000 -10869647.312057 26046666570.596115 -16643995153666.701172 
-1.867049 0.217500 0.000000 -12232007.869650 29311257423.805355 -18730090669661.003906 
0.094447 0.261000 0.000000 -5142153.177313 12322014267.732519 -7873850006859.373047 
1.656007 0.261000 0.000000 -6481464.236995 15531372180.123325 -9924651302120.548828 
0.704129 0.261000 0.000000 -12405445.088553 29726860734.750034 -18995663981104.238281 
90.000000 0.000000 
1.868970 0.217500 0.000000 -5173286.194260 12143884133.071682 -7601817815586.836914 
-0.230600 0.217500 0.000000 -11589167.035098 27204661870.280792 -17029550101628.564453 
0.423847 0.217500 0.000000 -10406412.495240 24428238229.570686 -15291566894255.195312 
-1.867213 0.217500 0.000000 -11738337.065822 27554826833.363510 -17248746054553.330078 
0.094484 0.261000 0.000000 -4929778.793697 11572269583.452698 -7243999046951.803711 
1.656011 0.261000 0.000000 -6221186.656385 14603748389.015076 -9141641460134.890625 
0.703988 0.261000 0.000000 -11911022.660356 27960192740.590279 -17502496645519.193359 
91.000000 0.000000 
1.868974 0.217500 0.000000 -4994627.683445 11488438261.612572 -7046729515841.429688 
-0.230764 0.217500 0.000000 -11130217.763473 25601271549.788479 -15703199317854.316406 
0.423715 0.217500 0.000000 -9968840.459465 22929918988.363140 -14064656418188.484375 
-1.867380 0.217500 0.000000 -11270420.129359 25923759295.963371 -15901005483298.148438 
0.094522 0.261000 0.000000 -4728849.951927 10877107196.842875 -6671753861190.636719 
1.656016 0.261000 0.000000 -5974446.910181 13742178361.441914 -8429119055729.476562 
0.703844 0.261000 0.000000 -11442069.509954 26318580178.838211 -16143179041223.869141 
92.000000 0.000000 
1.868977 0.217500 0.000000 -4823576.333616 10874361324.757902 -6537430655467.582031 
-0.230930 0.217500 0.000000 -10694770.423322 24110491847.725220 -14494705832963.412109 
0.423580 0.217500 0.000000 -9555210.243646 21541445918.310070 -12950251026590.062500 
-1.867551 0.217500 0.000000 -10826636.691079 24407773645.080959 -14673425214939.546875 
0.094561 0.261000 0.000000 -4538619.919195 10231950217.749187 -6151227002770.292969 
1.656020 0.261000 0.000000 -5740395.882991 12941256582.539433 -7780003346987.228516 
0.703697 0.261000 0.000000 -10997006.033006 24791857497.939461 -14904328113873.996094 
93.000000 0.000000 
1.868980 0.217500 0.000000 -4659771.585122 10298728649.697992 -6069757418368.354492 
-0.231101 0.217500 0.000000 -10281374.496624 22723235281.474983 -13392383721373.888672 
0.423443 0.217500 0.000000 -9163935.579055 20253543369.664043 -11936822427093.322266 
-1.867725 0.217500 0.000000 -10405485.052823 22997536482.189201 -13554048505886.033203 
0.094601 0.261000 0.000000 -4358398.839327 9632653913.058773 -5677193228028.005859 
1.656025 0.261000 0.000000 -5518246.434848 12196074768.153681 -7187995510605.742188 
0.703546 0.261000 0.000000 -10574366.452624 23370787333.386982 -13774031204724.931641 
94.000000 0.000000 
1.868982 0.217500 0.000000 -4502869.922396 9758839848.945187 -5639955959268.288086 
-0.231275 0.217500 0.000000 -9888683.601212 21431238575.454578 -12385820813649.298828 
0.423304 0.217500 0.000000 -8793552.895270 19057817766.697113 -11014142515675.193359 
-1.867903 0.217500 0.000000 -10005572.316765 21684565514.694469 -12532226821199.841797 
0.094642 0.261000 0.000000 -4187548.800462 9075460496.892447 -5245008454369.193359 
1.656029 0.261000 0.000000 -5307268.268224 11502171272.453657 -6647484784742.251953 
0.703393 0.261000 0.000000 -10172789.523250 22046966820.127796 -12741670508550.263672 
95.000000 0.000000 
1.868983 0.217500 0.000000 -4352544.294404 9252200781.431150 -5244639365529.943359 
-0.231452 0.217500 0.000000 -9515446.995219 20226979938.611805 -11465727748227.564453 
0.423163 0.217500 0.000000 -8442710.507802 17946664634.318565 -10173123783696.351562 
-1.868084 0.217500 0.000000 -9625605.420251 20461143636.261761 -11598464183123.984375 
0.094684 0.261000 0.000000 -4025479.377180 8556959084.152762 -4850539403775.754883 
1.656034 0.261000 0.000000 -5106783.258701 10855486092.927618 -6153466730768.947266 
0.703236 0.261000 0.000000 -9791010.066742 20812744193.545734 -11797770074471.982422 
96.000000 0.000000 
1.868984 0.217500 0.000000 -4208483.495417 8776506940.330902 -4880749350373.213867 
-0.231633 0.217500 0.000000 -9160501.853071 19103605414.620388 -10623806299146.988281 
0.423020 0.217500 0.000000 -8110158.869222 16913186348.580568 -9405680852850.025391 
-1.868269 0.217500 0.000000 -9264382.994422 19320242490.429688 -10744281480698.328125 
0.094727 0.261000 0.000000 -3871643.600335 8074050181.218360 -4490102434235.238281 
1.656039 0.261000 0.000000 -4916161.217451 10252320839.971426 -5701471965978.035156 
0.703077 0.261000 0.000000 -9427851.270441 19661144494.812119 -10933862284056.953125 
97.000000 0.000000 
1.868984 0.217500 0.000000 -4070391.546168 8329628234.419817 -4545522184564.668945 
-0.231817 0.217500 0.000000 -8822766.264841 18054863310.261524 -9852634404132.296875 
0.422875 0.217500 0.000000 -7794741.794297 15951119344.011978 -8704610194634.375977 
-1.868457 0.217500 0.000000 -8920787.986356 18255454454.836559 -9962098052692.906250 
0.094770 0.261000 0.000000 -3725534.317348 7623914182.727365 -4160410293895.698242 
1.656044 0.261000 0.000000 -4734816.044760 9689303096.245615 -5287503948250.734375 
0.702913 0.261000 0.000000 -9082217.701351 18585803389.735367 -10142371213747.664062 
98.000000 0.000000 
1.868983 0.217500 0.000000 -3937987.052293 7909594964.537574 -4236458317224.560059 
-0.232005 0.217500 0.000000 -8501232.818279 17075045549.645737 -9145565488512.220703 
0.422727 0.217500 0.000000 -7495388.493769 15054769429.231028 -8063485355231.790039 
-1.868649 0.217500 0.000000 -8593780.912763 17260931874.915089 -9245128066909.267578 
0.094815 0.261000 0.000000 -3586680.882569 7203983322.304732 -3858525651409.152832 
1.656048 0.261000 0.000000 -4562202.218472 9163354580.715302 -4907984530332.860352 
0.702747 0.261000 0.000000 -8753088.896523 17580907946.299553 -9416510456906.125000 
99.000000 0.000000 
1.868981 0.217500 0.000000 -3811002.572106 7514584983.356971 -3951295328279.701172 
-0.232197 0.217500 0.000000 -8194962.784061 16158935374.909096 -8496640333200.270508 
0.422578 0.217500 0.000000 -7211106.399122 14218954418.151245 -7476565677265.708984 
-1.868845 0.217500 0.000000 -8282393.744714 16331332892.772509 -8587289851230.792969 
0.094860 0.261000 0.000000 -3454646.165448 6811916734.903327 -3581820530457.260742 
1.656053 0.261000 0.000000 -4397811.601576 8671662743.740679 -4559706299635.576172 
0.702577 0.261000 0.000000 -8439513.551264 16641143793.330057 -8750193639894.357422 
100.000000 0.000000 
1.868979 0.217500 0.000000 -3689183.988435 7142911900.132214 -3687983797898.190918 
-0.232392 0.217500 0.000000 -7903080.786316 15301760490.462259 -7900509702086.474609 
0.422426 0.217500 0.000000 -6940974.642859 13438953039.591677 -6938716557572.460938 
-1.869044 0.217500 0.000000 -7985724.314135 15461772959.393812 -7983126343749.146484 
0.094907 0.261000 0.000000 -3329023.827210 6445578205.300363 -3327940806436.858887 
1.656058 0.261000 0.000000 -4241170.527845 8211655349.475985 -4239790761276.347168 
0.702404 0.261000 0.000000 -8140604.188852 15761647756.550228 -8137955831886.945312 
